0	0	1354195.8
0	1000000	166446.75
1000000	1000000	1205750.4
0	2000000	52524.49
1000000	2000000	258512.55
2000000	2000000	1078475.0
0	3000000	38323.59
1000000	3000000	48539.242
2000000	3000000	213005.83
3000000	3000000	1086456.8
0	4000000	21718.877
1000000	4000000	38615.65
2000000	4000000	53940.895
3000000	4000000	211570.14
4000000	4000000	1166556.4
0	5000000	24583.285
1000000	5000000	20660.205
2000000	5000000	36904.49
3000000	5000000	60508.816
4000000	5000000	173146.47
5000000	5000000	968150.94
0	6000000	25755.994
1000000	6000000	17388.168
2000000	6000000	34134.867
3000000	6000000	45454.973
4000000	6000000	50446.117
5000000	6000000	320206.53
6000000	6000000	930798.3
0	7000000	14381.052
1000000	7000000	22893.865
2000000	7000000	20370.03
3000000	7000000	21750.232
4000000	7000000	42398.98
5000000	7000000	45221.523
6000000	7000000	164598.08
7000000	7000000	1176497.1
0	8000000	14258.587
1000000	8000000	14093.002
2000000	8000000	16138.78
3000000	8000000	18125.174
4000000	8000000	21423.19
5000000	8000000	29794.74
6000000	8000000	48574.48
7000000	8000000	198797.66
8000000	8000000	1055184.2
0	9000000	14156.553
1000000	9000000	7186.517
2000000	9000000	12926.615
3000000	9000000	15821.986
4000000	9000000	9855.337
5000000	9000000	26632.943
6000000	9000000	36860.336
7000000	9000000	26990.873
8000000	9000000	202252.36
9000000	9000000	872323.9
0	10000000	11066.795
1000000	10000000	4663.8403
2000000	10000000	9304.358
3000000	10000000	11898.364
4000000	10000000	5971.551
5000000	10000000	18127.904
6000000	10000000	21824.291
7000000	10000000	10599.627
8000000	10000000	31982.174
9000000	10000000	262383.5
10000000	10000000	836351.4
0	11000000	8227.137
1000000	11000000	3160.077
2000000	11000000	6226.179
3000000	11000000	8749.097
4000000	11000000	3802.1914
5000000	11000000	11397.046
6000000	11000000	12629.613
7000000	11000000	5329.8955
8000000	11000000	12399.36
9000000	11000000	42441.645
10000000	11000000	209203.02
11000000	11000000	912072.25
0	12000000	8387.638
1000000	12000000	3901.2751
2000000	12000000	6807.985
3000000	12000000	8724.936
4000000	12000000	4510.155
5000000	12000000	10661.356
6000000	12000000	12116.269
7000000	12000000	6093.1064
8000000	12000000	14326.197
9000000	12000000	36804.867
10000000	12000000	88259.88
11000000	12000000	199700.5
12000000	12000000	974087.56
0	13000000	6804.0566
1000000	13000000	2723.2747
2000000	13000000	5138.334
3000000	13000000	7086.7686
4000000	13000000	3113.2932
5000000	13000000	8519.724
6000000	13000000	9295.658
7000000	13000000	3701.4893
8000000	13000000	8407.535
9000000	13000000	23514.314
10000000	13000000	53808.37
11000000	13000000	112461.24
12000000	13000000	163812.42
13000000	13000000	832235.06
0	14000000	6726.6157
1000000	14000000	2635.912
2000000	14000000	5181.918
3000000	14000000	7076.114
4000000	14000000	2945.184
5000000	14000000	8714.429
6000000	14000000	9346.447
7000000	14000000	3659.9312
8000000	14000000	7971.696
9000000	14000000	23193.031
10000000	14000000	49147.176
11000000	14000000	92284.78
12000000	14000000	97803.7
13000000	14000000	370971.38
14000000	14000000	847140.06
0	15000000	9213.797
1000000	15000000	4218.3193
2000000	15000000	7636.6494
3000000	15000000	9091.927
4000000	15000000	4754.695
5000000	15000000	11510.339
6000000	15000000	12896.158
7000000	15000000	6209.975
8000000	15000000	13725.59
9000000	15000000	34159.293
10000000	15000000	49237.45
11000000	15000000	51860.254
12000000	15000000	69299.6
13000000	15000000	106845.83
14000000	15000000	165988.6
15000000	15000000	862980.06
0	16000000	9051.68
1000000	16000000	7872.454
2000000	16000000	9174.319
3000000	16000000	9670.623
4000000	16000000	9075.008
5000000	16000000	11573.418
6000000	16000000	12017.622
7000000	16000000	12385.895
8000000	16000000	20351.496
9000000	16000000	23455.186
10000000	16000000	18918.098
11000000	16000000	13682.288
12000000	16000000	22109.15
13000000	16000000	18300.81
14000000	16000000	21929.004
15000000	16000000	152056.47
16000000	16000000	957801.4
0	17000000	8931.382
1000000	17000000	8571.968
2000000	17000000	8992.3545
3000000	17000000	8778.417
4000000	17000000	9578.505
5000000	17000000	10222.176
6000000	17000000	11910.205
7000000	17000000	13764.063
8000000	17000000	17897.62
9000000	17000000	17905.021
10000000	17000000	12209.936
11000000	17000000	7268.3364
12000000	17000000	11167.362
13000000	17000000	9089.129
14000000	17000000	10840.172
15000000	17000000	34326.062
16000000	17000000	243487.69
17000000	17000000	1032618.5
0	18000000	7795.8354
1000000	18000000	8649.761
2000000	18000000	8182.612
3000000	18000000	8020.6157
4000000	18000000	9890.091
5000000	18000000	8978.033
6000000	18000000	9578.387
7000000	18000000	13579.179
8000000	18000000	16356.493
9000000	18000000	13257.081
10000000	18000000	8865.589
11000000	18000000	5873.3545
12000000	18000000	8972.508
13000000	18000000	6964.047
14000000	18000000	8252.613
15000000	18000000	46544.906
16000000	18000000	89704.79
17000000	18000000	194108.81
18000000	18000000	1120133.0
0	19000000	8504.452
1000000	19000000	5859.004
2000000	19000000	7239.3477
3000000	19000000	7679.126
4000000	19000000	6455.886
5000000	19000000	9453.211
6000000	19000000	11481.818
7000000	19000000	8766.222
8000000	19000000	16221.202
9000000	19000000	22198.473
10000000	19000000	17114.066
11000000	19000000	10601.913
12000000	19000000	14805.601
13000000	19000000	12001.479
14000000	19000000	13586.929
15000000	19000000	34322.223
16000000	19000000	50323.344
17000000	19000000	60675.934
18000000	19000000	122125.53
19000000	19000000	1052374.5
0	20000000	8005.858
1000000	20000000	4570.32
2000000	20000000	6667.2085
3000000	20000000	7094.8267
4000000	20000000	4838.7837
5000000	20000000	9417.373
6000000	20000000	10794.606
7000000	20000000	6164.6973
8000000	20000000	13752.527
9000000	20000000	26311.93
10000000	20000000	26398.994
11000000	20000000	17333.889
12000000	20000000	22893.832
13000000	20000000	18945.947
14000000	20000000	21646.225
15000000	20000000	47981.383
16000000	20000000	41429.75
17000000	20000000	34764.867
18000000	20000000	52886.03
19000000	20000000	223322.92
20000000	20000000	936778.25
0	21000000	7983.4536
1000000	21000000	3053.352
2000000	21000000	5369.4585
3000000	21000000	6680.756
4000000	21000000	3448.4658
5000000	21000000	8334.906
6000000	21000000	9173.367
7000000	21000000	4375.5986
8000000	21000000	9030.855
9000000	21000000	22119.182
10000000	21000000	36329.312
11000000	21000000	50730.188
12000000	21000000	37555.535
13000000	21000000	44865.965
14000000	21000000	46756.92
15000000	21000000	46455.695
16000000	21000000	23346.188
17000000	21000000	16206.491
18000000	21000000	16837.975
19000000	21000000	41364.426
20000000	21000000	197517.44
21000000	21000000	878223.2
0	22000000	5460.667
1000000	22000000	1487.1154
2000000	22000000	3026.257
3000000	22000000	4456.4917
4000000	22000000	1713.7241
5000000	22000000	5979.702
6000000	22000000	5898.009
7000000	22000000	2246.3857
8000000	22000000	4647.8955
9000000	22000000	12638.206
10000000	22000000	26701.295
11000000	22000000	64685.547
12000000	22000000	28899.838
13000000	22000000	48802.02
14000000	22000000	48742.547
15000000	22000000	25548.959
16000000	22000000	9227.798
17000000	22000000	5651.439
18000000	22000000	6680.2354
19000000	22000000	11908.729
20000000	22000000	23536.092
21000000	22000000	240374.45
22000000	22000000	1147441.1
0	25000000	5376.3335
1000000	25000000	3017.6338
2000000	25000000	4543.2837
3000000	25000000	5422.0444
4000000	25000000	3431.8303
5000000	25000000	6594.456
6000000	25000000	7216.948
7000000	25000000	4598.504
8000000	25000000	9347.071
9000000	25000000	17908.602
10000000	25000000	22726.84
11000000	25000000	22305.592
12000000	25000000	23169.562
13000000	25000000	18524.135
14000000	25000000	18869.873
15000000	25000000	22371.686
16000000	25000000	14694.433
17000000	25000000	9516.487
18000000	25000000	9657.637
19000000	25000000	16495.504
20000000	25000000	26990.887
21000000	25000000	59766.973
22000000	25000000	81482.05
25000000	25000000	1102410.5
0	26000000	6291.117
1000000	26000000	6419.735
2000000	26000000	6892.8315
3000000	26000000	6957.6206
4000000	26000000	7315.6826
5000000	26000000	8283.342
6000000	26000000	9181.843
7000000	26000000	10965.517
8000000	26000000	15740.213
9000000	26000000	16736.768
10000000	26000000	12890.966
11000000	26000000	7615.616
12000000	26000000	11013.918
13000000	26000000	6943.5933
14000000	26000000	7459.0317
15000000	26000000	14639.981
16000000	26000000	18565.684
17000000	26000000	16467.64
18000000	26000000	16741.623
19000000	26000000	20376.113
20000000	26000000	22765.203
21000000	26000000	18107.578
22000000	26000000	19325.145
25000000	26000000	193603.6
26000000	26000000	993014.7
0	27000000	4940.6465
1000000	27000000	8022.0347
2000000	27000000	6514.1846
3000000	27000000	6139.4644
4000000	27000000	9174.655
5000000	27000000	6439.589
6000000	27000000	6628.0522
7000000	27000000	12090.054
8000000	27000000	10505.879
9000000	27000000	5921.8403
10000000	27000000	3435.4976
11000000	27000000	1915.5535
12000000	27000000	2884.3323
13000000	27000000	1811.6038
14000000	27000000	1961.4401
15000000	27000000	4573.6934
16000000	27000000	10662.516
17000000	27000000	12334.391
18000000	27000000	13868.164
19000000	27000000	11042.343
20000000	27000000	8363.453
21000000	27000000	5080.8584
22000000	27000000	6128.292
25000000	27000000	22516.256
26000000	27000000	152038.61
27000000	27000000	1078592.4
0	28000000	3857.6487
1000000	28000000	5246.741
2000000	28000000	4657.0244
3000000	28000000	4494.036
4000000	28000000	5654.455
5000000	28000000	4544.949
6000000	28000000	4533.6587
7000000	28000000	6036.488
8000000	28000000	5846.496
9000000	28000000	4577.5146
10000000	28000000	2782.9731
11000000	28000000	1626.7333
12000000	28000000	2455.27
13000000	28000000	1666.9218
14000000	28000000	1793.7557
15000000	28000000	3482.6987
16000000	28000000	7651.8633
17000000	28000000	7948.2275
18000000	28000000	8869.358
19000000	28000000	7831.0947
20000000	28000000	6235.204
21000000	28000000	3780.4675
22000000	28000000	5020.8604
25000000	28000000	13866.282
26000000	28000000	32643.092
27000000	28000000	225733.47
28000000	28000000	1129889.9
0	29000000	4158.23
1000000	29000000	5397.1133
2000000	29000000	4823.6167
3000000	29000000	4793.454
4000000	29000000	5860.739
5000000	29000000	4946.8384
6000000	29000000	4817.0947
7000000	29000000	6027.0537
8000000	29000000	5981.718
9000000	29000000	4462.7617
10000000	29000000	2734.9229
11000000	29000000	1792.7411
12000000	29000000	2503.6829
13000000	29000000	1712.8057
14000000	29000000	1759.1075
15000000	29000000	3681.2227
16000000	29000000	7182.1484
17000000	29000000	7685.2456
18000000	29000000	8252.343
19000000	29000000	7056.028
20000000	29000000	5630.794
21000000	29000000	3729.2166
22000000	29000000	4556.291
25000000	29000000	11980.46
26000000	29000000	25628.982
27000000	29000000	59280.957
28000000	29000000	219185.02
29000000	29000000	1066001.5
0	30000000	4853.8613
1000000	30000000	5488.5923
2000000	30000000	5575.6396
3000000	30000000	5543.245
4000000	30000000	5866.635
5000000	30000000	6475.594
6000000	30000000	6154.142
7000000	30000000	6181.1763
8000000	30000000	7124.5557
9000000	30000000	6346.81
10000000	30000000	4248.3794
11000000	30000000	2466.6975
12000000	30000000	3666.498
13000000	30000000	2539.4922
14000000	30000000	2591.0657
15000000	30000000	5459.4785
16000000	30000000	8751.005
17000000	30000000	8345.532
18000000	30000000	8965.151
19000000	30000000	8725.638
20000000	30000000	7857.771
21000000	30000000	5035.8105
22000000	30000000	5057.0703
25000000	30000000	14618.26
26000000	30000000	26497.002
27000000	30000000	36322.246
28000000	30000000	53332.26
29000000	30000000	247063.31
30000000	30000000	959036.75
0	31000000	5797.064
1000000	31000000	2580.6729
2000000	31000000	4907.712
3000000	31000000	5825.1675
4000000	31000000	2896.0803
5000000	31000000	8782.464
6000000	31000000	9710.635
7000000	31000000	3288.6987
8000000	31000000	6103.255
9000000	31000000	11720.212
10000000	31000000	10791.528
11000000	31000000	7404.695
12000000	31000000	7342.6665
13000000	31000000	6730.4487
14000000	31000000	7465.962
15000000	31000000	10425.675
16000000	31000000	6829.9165
17000000	31000000	6708.823
18000000	31000000	5564.509
19000000	31000000	9632.073
20000000	31000000	11266.064
21000000	31000000	10363.648
22000000	31000000	10728.931
25000000	31000000	18776.805
26000000	31000000	19639.154
27000000	31000000	13266.619
28000000	31000000	15775.371
29000000	31000000	28100.256
30000000	31000000	190240.94
31000000	31000000	926434.5
0	32000000	5651.5376
1000000	32000000	2218.7097
2000000	32000000	4672.1675
3000000	32000000	5383.4365
4000000	32000000	2491.1357
5000000	32000000	8530.15
6000000	32000000	9665.523
7000000	32000000	2689.5994
8000000	32000000	5589.926
9000000	32000000	11642.621
10000000	32000000	10509.087
11000000	32000000	6858.133
12000000	32000000	6911.2236
13000000	32000000	6483.3574
14000000	32000000	7020.142
15000000	32000000	9934.537
16000000	32000000	6080.401
17000000	32000000	6210.137
18000000	32000000	4730.04
19000000	32000000	9145.309
20000000	32000000	10561.411
21000000	32000000	9769.443
22000000	32000000	10460.807
25000000	32000000	15730.686
26000000	32000000	15198.632
27000000	32000000	9557.554
28000000	32000000	10293.134
29000000	32000000	16409.205
30000000	32000000	40261.27
31000000	32000000	259104.39
32000000	32000000	916230.2
0	33000000	5050.3184
1000000	33000000	3750.4966
2000000	33000000	4999.27
3000000	33000000	5148.852
4000000	33000000	4304.7207
5000000	33000000	6847.5923
6000000	33000000	7259.0854
7000000	33000000	4641.642
8000000	33000000	6478.7207
9000000	33000000	8076.409
10000000	33000000	6024.743
11000000	33000000	3752.3145
12000000	33000000	4611.536
13000000	33000000	3485.8906
14000000	33000000	3583.2002
15000000	33000000	6513.511
16000000	33000000	7178.5425
17000000	33000000	6983.695
18000000	33000000	6535.1963
19000000	33000000	8210.344
20000000	33000000	8154.5024
21000000	33000000	6201.3984
22000000	33000000	5296.05
25000000	33000000	11780.984
26000000	33000000	15136.805
27000000	33000000	13028.549
28000000	33000000	13380.481
29000000	33000000	18966.492
30000000	33000000	38235.07
31000000	33000000	82072.44
32000000	33000000	256940.14
33000000	33000000	941133.44
0	34000000	4248.2607
1000000	34000000	4627.0747
2000000	34000000	4902.6772
3000000	34000000	4635.8794
4000000	34000000	4796.7334
5000000	34000000	5627.0835
6000000	34000000	5412.8843
7000000	34000000	5035.272
8000000	34000000	6211.342
9000000	34000000	5066.4424
10000000	34000000	3137.1848
11000000	34000000	1763.7148
12000000	34000000	2558.528
13000000	34000000	1705.9828
14000000	34000000	1809.6738
15000000	34000000	3792.9138
16000000	34000000	6279.231
17000000	34000000	6644.891
18000000	34000000	6610.144
19000000	34000000	6500.6743
20000000	34000000	5262.753
21000000	34000000	3385.275
22000000	34000000	2853.3792
25000000	34000000	7674.3633
26000000	34000000	11949.665
27000000	34000000	13814.349
28000000	34000000	13529.384
29000000	34000000	17575.912
30000000	34000000	29700.541
31000000	34000000	32152.445
32000000	34000000	53440.887
33000000	34000000	202175.62
34000000	34000000	1029747.1
0	35000000	5215.7812
1000000	35000000	4954.9746
2000000	35000000	5376.89
3000000	35000000	5156.272
4000000	35000000	5418.966
5000000	35000000	6103.231
6000000	35000000	6081.97
7000000	35000000	5110.3374
8000000	35000000	5662.718
9000000	35000000	5066.0254
10000000	35000000	3196.7024
11000000	35000000	1776.7305
12000000	35000000	2455.2793
13000000	35000000	1894.8842
14000000	35000000	1908.3588
15000000	35000000	3898.9226
16000000	35000000	6083.5996
17000000	35000000	7253.525
18000000	35000000	6687.13
19000000	35000000	6768.5566
20000000	35000000	5217.9355
21000000	35000000	3100.1646
22000000	35000000	2903.8193
25000000	35000000	6306.54
26000000	35000000	11099.196
27000000	35000000	14938.515
28000000	35000000	14162.027
29000000	35000000	17879.295
30000000	35000000	25411.91
31000000	35000000	27989.182
32000000	35000000	35262.51
33000000	35000000	51464.723
34000000	35000000	223360.28
35000000	35000000	1009340.1
0	36000000	5202.331
1000000	36000000	6652.349
2000000	36000000	5593.3066
3000000	36000000	5187.861
4000000	36000000	7042.241
5000000	36000000	5180.222
6000000	36000000	5145.2993
7000000	36000000	7349.9023
8000000	36000000	6054.4395
9000000	36000000	3712.6106
10000000	36000000	2210.4392
11000000	36000000	1365.9365
12000000	36000000	1742.427
13000000	36000000	1151.0111
14000000	36000000	1288.2561
15000000	36000000	2500.3564
16000000	36000000	5372.3687
17000000	36000000	6805.6104
18000000	36000000	6809.9614
19000000	36000000	5262.849
20000000	36000000	3773.2302
21000000	36000000	2259.5557
22000000	36000000	2003.9025
25000000	36000000	5213.916
26000000	36000000	10133.674
27000000	36000000	15310.462
28000000	36000000	13371.75
29000000	36000000	15236.646
30000000	36000000	18293.16
31000000	36000000	13658.258
32000000	36000000	15166.053
33000000	36000000	26084.354
34000000	36000000	69696.85
35000000	36000000	194409.1
36000000	36000000	1045348.94
0	37000000	4850.942
1000000	37000000	6532.1094
2000000	37000000	5585.095
3000000	37000000	5239.696
4000000	37000000	6961.3647
5000000	37000000	5204.2607
6000000	37000000	4955.214
7000000	37000000	7135.9365
8000000	37000000	5969.367
9000000	37000000	3447.5583
10000000	37000000	2097.7322
11000000	37000000	1340.7648
12000000	37000000	1749.5283
13000000	37000000	1270.928
14000000	37000000	1217.189
15000000	37000000	2572.7305
16000000	37000000	5297.1704
17000000	37000000	6286.8765
18000000	37000000	6717.2285
19000000	37000000	5002.101
20000000	37000000	3540.3535
21000000	37000000	2255.9497
22000000	37000000	2113.666
25000000	37000000	4931.2896
26000000	37000000	9419.414
27000000	37000000	14256.565
28000000	37000000	12309.1045
29000000	37000000	13899.877
30000000	37000000	16030.744
31000000	37000000	10308.542
32000000	37000000	10675.467
33000000	37000000	17817.627
34000000	37000000	27519.13
35000000	37000000	47779.047
36000000	37000000	207773.08
37000000	37000000	1056537.5
0	38000000	4102.888
1000000	38000000	5788.389
2000000	38000000	5191.382
3000000	38000000	5117.89
4000000	38000000	5902.2305
5000000	38000000	5103.426
6000000	38000000	4881.059
7000000	38000000	6449.8276
8000000	38000000	5943.834
9000000	38000000	3804.1433
10000000	38000000	2508.356
11000000	38000000	1495.8246
12000000	38000000	2236.3435
13000000	38000000	1482.6024
14000000	38000000	1568.1083
15000000	38000000	3039.2988
16000000	38000000	5326.5566
17000000	38000000	5496.6963
18000000	38000000	5856.6387
19000000	38000000	4683.774
20000000	38000000	3816.4316
21000000	38000000	2673.5728
22000000	38000000	2150.89
25000000	38000000	5913.565
26000000	38000000	8998.903
27000000	38000000	10851.368
28000000	38000000	9240.643
29000000	38000000	10692.189
30000000	38000000	13560.216
31000000	38000000	10152.094
32000000	38000000	10104.1875
33000000	38000000	15893.774
34000000	38000000	19415.11
35000000	38000000	23933.355
36000000	38000000	41383.055
37000000	38000000	210277.89
38000000	38000000	1076455.0
0	39000000	6435.239
1000000	39000000	4178.7627
2000000	39000000	5932.8745
3000000	39000000	6773.052
4000000	39000000	4324.97
5000000	39000000	8141.8564
6000000	39000000	9627.908
7000000	39000000	4956.019
8000000	39000000	6419.655
9000000	39000000	7359.023
10000000	39000000	5583.078
11000000	39000000	3779.68
12000000	39000000	4137.594
13000000	39000000	3783.7253
14000000	39000000	3705.5146
15000000	39000000	5619.182
16000000	39000000	5911.26
17000000	39000000	6200.179
18000000	39000000	5323.9434
19000000	39000000	6553.484
20000000	39000000	6090.558
21000000	39000000	5178.905
22000000	39000000	4935.424
25000000	39000000	7528.8735
26000000	39000000	9442.245
27000000	39000000	8213.467
28000000	39000000	7333.06
29000000	39000000	8887.123
30000000	39000000	12160.953
31000000	39000000	23890.09
32000000	39000000	26033.877
33000000	39000000	19990.861
34000000	39000000	16846.203
35000000	39000000	23501.16
36000000	39000000	24000.895
37000000	39000000	42210.35
38000000	39000000	224930.44
39000000	39000000	1047602.75
0	40000000	4248.191
1000000	40000000	7915.2627
2000000	40000000	6030.6455
3000000	40000000	5482.8174
4000000	40000000	8382.671
5000000	40000000	5333.2334
6000000	40000000	4539.79
7000000	40000000	9100.259
8000000	40000000	6439.4014
9000000	40000000	2927.874
10000000	40000000	1822.9034
11000000	40000000	1119.6992
12000000	40000000	1683.6495
13000000	40000000	1060.6981
14000000	40000000	1008.1054
15000000	40000000	2337.818
16000000	40000000	5568.526
17000000	40000000	6264.1494
18000000	40000000	7548.4204
19000000	40000000	4632.166
20000000	40000000	3246.27
21000000	40000000	2133.176
22000000	40000000	1517.7999
25000000	40000000	4844.8765
26000000	40000000	9764.167
27000000	40000000	13445.52
28000000	40000000	9799.001
29000000	40000000	10658.5
30000000	40000000	11753.266
31000000	40000000	5897.9106
32000000	40000000	5325.128
33000000	40000000	10238.207
34000000	40000000	13063.115
35000000	40000000	16090.729
36000000	40000000	25468.943
37000000	40000000	37750.64
38000000	40000000	57408.992
39000000	40000000	134438.2
40000000	40000000	1149316.8
0	41000000	6890.428
1000000	41000000	6364.5273
2000000	41000000	6187.809
3000000	41000000	6094.7764
4000000	41000000	7259.195
5000000	41000000	6861.512
6000000	41000000	7065.2964
7000000	41000000	7915.889
8000000	41000000	7181.1865
9000000	41000000	4999.9062
10000000	41000000	3784.1792
11000000	41000000	3038.1926
12000000	41000000	3792.2366
13000000	41000000	2768.8542
14000000	41000000	2702.2012
15000000	41000000	4355.7173
16000000	41000000	6937.171
17000000	41000000	7230.8975
18000000	41000000	9788.418
19000000	41000000	8188.16
20000000	41000000	5655.0044
21000000	41000000	4830.327
22000000	41000000	6292.3135
25000000	41000000	8134.0005
26000000	41000000	10919.051
27000000	41000000	11291.026
28000000	41000000	8946.64
29000000	41000000	9750.0625
30000000	41000000	11387.803
31000000	41000000	9749.162
32000000	41000000	9780.918
33000000	41000000	12284.071
34000000	41000000	12764.114
35000000	41000000	15924.307
36000000	41000000	19310.688
37000000	41000000	24472.025
38000000	41000000	26914.46
39000000	41000000	42573.875
40000000	41000000	193384.77
41000000	41000000	1040167.7
0	42000000	5264.5864
1000000	42000000	7038.2993
2000000	42000000	6015.1436
3000000	42000000	5512.114
4000000	42000000	7609.3613
5000000	42000000	5389.152
6000000	42000000	5779.7964
7000000	42000000	8431.566
8000000	42000000	6328.153
9000000	42000000	3523.9417
10000000	42000000	2059.791
11000000	42000000	1312.6388
12000000	42000000	1829.3267
13000000	42000000	1276.2196
14000000	42000000	1232.6906
15000000	42000000	2524.7966
16000000	42000000	5390.0693
17000000	42000000	6664.757
18000000	42000000	7323.5127
19000000	42000000	5406.3193
20000000	42000000	3647.3997
21000000	42000000	2256.2107
22000000	42000000	1529.3984
25000000	42000000	4259.5034
26000000	42000000	8968.828
27000000	42000000	11855.265
28000000	42000000	9206.5
29000000	42000000	9690.097
30000000	42000000	10308.866
31000000	42000000	6705.255
32000000	42000000	6657.4
33000000	42000000	9446.3545
34000000	42000000	10890.6875
35000000	42000000	14064.489
36000000	42000000	18295.785
37000000	42000000	20599.557
38000000	42000000	18970.629
39000000	42000000	21719.264
40000000	42000000	45585.508
41000000	42000000	166977.53
42000000	42000000	1065846.8
0	43000000	4776.8647
1000000	43000000	5341.8066
2000000	43000000	5106.0254
3000000	43000000	5180.374
4000000	43000000	5643.1064
5000000	43000000	5283.792
6000000	43000000	5828.13
7000000	43000000	6118.9717
8000000	43000000	5201.3296
9000000	43000000	3673.5837
10000000	43000000	2371.546
11000000	43000000	1303.119
12000000	43000000	1843.7336
13000000	43000000	1329.4332
14000000	43000000	1309.3461
15000000	43000000	2531.266
16000000	43000000	4649.142
17000000	43000000	5657.5874
18000000	43000000	5671.3213
19000000	43000000	4876.205
20000000	43000000	3743.7595
21000000	43000000	2278.1548
22000000	43000000	1622.1906
25000000	43000000	3816.3452
26000000	43000000	7078.3604
27000000	43000000	9005.721
28000000	43000000	7255.6675
29000000	43000000	8350.809
30000000	43000000	8906.547
31000000	43000000	8282.796
32000000	43000000	8642.59
33000000	43000000	9190.162
34000000	43000000	10018.971
35000000	43000000	12516.269
36000000	43000000	14299.049
37000000	43000000	14498.5205
38000000	43000000	14243.583
39000000	43000000	19045.799
40000000	43000000	23682.195
41000000	43000000	40912.94
42000000	43000000	213413.39
43000000	43000000	1070329.0
0	44000000	4131.9746
1000000	44000000	3994.8762
2000000	44000000	4144.8433
3000000	44000000	4391.2876
4000000	44000000	4414.797
5000000	44000000	4388.079
6000000	44000000	4778.732
7000000	44000000	4171.8154
8000000	44000000	4041.5593
9000000	44000000	3617.608
10000000	44000000	2314.6338
11000000	44000000	1295.334
12000000	44000000	1861.9636
13000000	44000000	1329.3293
14000000	44000000	1333.6132
15000000	44000000	2498.8306
16000000	44000000	4509.7153
17000000	44000000	5099.929
18000000	44000000	5347.6704
19000000	44000000	5267.794
20000000	44000000	3987.529
21000000	44000000	2294.5513
22000000	44000000	1522.1143
25000000	44000000	3792.3809
26000000	44000000	6257.3325
27000000	44000000	7811.865
28000000	44000000	7994.258
29000000	44000000	8567.361
30000000	44000000	9445.15
31000000	44000000	7834.6157
32000000	44000000	7757.7607
33000000	44000000	8949.771
34000000	44000000	9798.201
35000000	44000000	12705.634
36000000	44000000	12631.996
37000000	44000000	12309.396
38000000	44000000	11363.054
39000000	44000000	14583.763
40000000	44000000	14986.732
41000000	44000000	25190.453
42000000	44000000	46421.773
43000000	44000000	195692.88
44000000	44000000	1134499.5
0	45000000	3575.3545
1000000	45000000	4789.1226
2000000	45000000	4194.74
3000000	45000000	4045.7263
4000000	45000000	5180.275
5000000	45000000	4072.409
6000000	45000000	3944.825
7000000	45000000	5010.069
8000000	45000000	4407.535
9000000	45000000	2949.6304
10000000	45000000	1748.7379
11000000	45000000	1067.7041
12000000	45000000	1636.2418
13000000	45000000	1143.8728
14000000	45000000	1091.2753
15000000	45000000	2292.5142
16000000	45000000	4620.564
17000000	45000000	5018.334
18000000	45000000	5416.724
19000000	45000000	4363.534
20000000	45000000	3353.5881
21000000	45000000	1809.5176
22000000	45000000	1191.9309
25000000	45000000	3435.5618
26000000	45000000	6600.4263
27000000	45000000	9807.471
28000000	45000000	8576.466
29000000	45000000	9305.75
30000000	45000000	10038.493
31000000	45000000	5580.0366
32000000	45000000	5294.984
33000000	45000000	7567.6436
34000000	45000000	9381.398
35000000	45000000	12096.738
36000000	45000000	18259.252
37000000	45000000	12602.68
38000000	45000000	11227.125
39000000	45000000	10552.507
40000000	45000000	15657.386
41000000	45000000	20414.346
42000000	45000000	31357.578
43000000	45000000	49482.44
44000000	45000000	164898.25
45000000	45000000	1137742.8
0	46000000	3048.4646
1000000	46000000	4081.4531
2000000	46000000	3622.3625
3000000	46000000	3411.373
4000000	46000000	4296.5903
5000000	46000000	3495.5864
6000000	46000000	3767.455
7000000	46000000	4707.939
8000000	46000000	4309.793
9000000	46000000	3252.302
10000000	46000000	2060.6418
11000000	46000000	1039.2333
12000000	46000000	1633.0847
13000000	46000000	1044.4683
14000000	46000000	1023.28503
15000000	46000000	2138.5059
16000000	46000000	4214.137
17000000	46000000	5021.6323
18000000	46000000	5171.4185
19000000	46000000	4701.772
20000000	46000000	3750.5815
21000000	46000000	1967.0945
22000000	46000000	1022.67755
25000000	46000000	3348.0857
26000000	46000000	6260.833
27000000	46000000	7995.7056
28000000	46000000	7590.1553
29000000	46000000	7759.216
30000000	46000000	7767.263
31000000	46000000	5369.3833
32000000	46000000	5232.6963
33000000	46000000	6966.438
34000000	46000000	7818.431
35000000	46000000	9265.703
36000000	46000000	9751.153
37000000	46000000	9758.16
38000000	46000000	9417.142
39000000	46000000	8865.268
40000000	46000000	12136.708
41000000	46000000	14315.193
42000000	46000000	19460.404
43000000	46000000	22770.46
44000000	46000000	35328.484
45000000	46000000	179059.23
46000000	46000000	1183898.2
0	47000000	4096.1475
1000000	47000000	4852.8965
2000000	47000000	4199.442
3000000	47000000	4085.427
4000000	47000000	5073.976
5000000	47000000	4363.6377
6000000	47000000	4920.5605
7000000	47000000	5909.7754
8000000	47000000	5759.4062
9000000	47000000	3942.6533
10000000	47000000	2246.9194
11000000	47000000	1279.361
12000000	47000000	1865.5211
13000000	47000000	1156.197
14000000	47000000	1223.8645
15000000	47000000	2603.3875
16000000	47000000	5838.7256
17000000	47000000	6803.336
18000000	47000000	6734.922
19000000	47000000	5734.4165
20000000	47000000	4019.4546
21000000	47000000	2228.4976
22000000	47000000	1455.6744
25000000	47000000	3848.8213
26000000	47000000	8094.1714
27000000	47000000	10503.912
28000000	47000000	8340.822
29000000	47000000	8481.175
30000000	47000000	8769.077
31000000	47000000	6008.6626
32000000	47000000	5890.6294
33000000	47000000	7457.8896
34000000	47000000	8328.712
35000000	47000000	9809.052
36000000	47000000	10731.781
37000000	47000000	10758.653
38000000	47000000	9282.819
39000000	47000000	10874.464
40000000	47000000	12285.229
41000000	47000000	16642.168
42000000	47000000	20923.38
43000000	47000000	23259.994
44000000	47000000	29572.766
45000000	47000000	56200.04
46000000	47000000	205421.47
47000000	47000000	1066039.0
0	48000000	4363.6025
1000000	48000000	5210.5635
2000000	48000000	4417.7056
3000000	48000000	4100.1167
4000000	48000000	5559.741
5000000	48000000	4458.4233
6000000	48000000	4796.706
7000000	48000000	6750.381
8000000	48000000	7614.344
9000000	48000000	5821.6406
10000000	48000000	3568.267
11000000	48000000	1743.7784
12000000	48000000	2689.877
13000000	48000000	1708.3352
14000000	48000000	1736.1498
15000000	48000000	4355.7495
16000000	48000000	8750.48
17000000	48000000	9628.677
18000000	48000000	9522.29
19000000	48000000	8637.804
20000000	48000000	6678.905
21000000	48000000	3882.804
22000000	48000000	1866.0542
25000000	48000000	6982.8687
26000000	48000000	13231.991
27000000	48000000	13091.437
28000000	48000000	9027.12
29000000	48000000	8775.046
30000000	48000000	9631.618
31000000	48000000	6310.8926
32000000	48000000	6039.2163
33000000	48000000	8119.5273
34000000	48000000	8907.389
35000000	48000000	9838.209
36000000	48000000	10320.662
37000000	48000000	10385.991
38000000	48000000	9179.241
39000000	48000000	9630.614
40000000	48000000	12665.625
41000000	48000000	15739.885
42000000	48000000	18998.752
43000000	48000000	19496.674
44000000	48000000	23140.592
45000000	48000000	31450.02
46000000	48000000	44166.562
47000000	48000000	204250.47
48000000	48000000	995956.5
0	49000000	3588.712
1000000	49000000	2313.1826
2000000	49000000	3285.3025
3000000	49000000	3525.1414
4000000	49000000	2484.5222
5000000	49000000	4569.138
6000000	49000000	4739.0776
7000000	49000000	2846.2314
8000000	49000000	5071.952
9000000	49000000	9857.634
10000000	49000000	11723.371
11000000	49000000	9285.246
12000000	49000000	10181.186
13000000	49000000	8503.98
14000000	49000000	8901.954
15000000	49000000	12685.199
16000000	49000000	8065.2534
17000000	49000000	5996.4507
18000000	49000000	5362.8384
19000000	49000000	8369.751
20000000	49000000	11822.465
21000000	49000000	12691.941
22000000	49000000	8480.69
25000000	49000000	14358.904
26000000	49000000	12362.91
27000000	49000000	6012.3467
28000000	49000000	4697.703
29000000	49000000	4765.3613
30000000	49000000	6796.2515
31000000	49000000	10780.512
32000000	49000000	10888.291
33000000	49000000	8634.307
34000000	49000000	5736.9873
35000000	49000000	6413.336
36000000	49000000	4767.8525
37000000	49000000	5286.7036
38000000	49000000	5813.4775
39000000	49000000	9778.682
40000000	49000000	6440.7485
41000000	49000000	10375.82
42000000	49000000	8723.294
43000000	49000000	9306.651
44000000	49000000	11462.361
45000000	49000000	12593.615
46000000	49000000	14413.948
47000000	49000000	22329.338
48000000	49000000	167911.1
49000000	49000000	860928.2
0	50000000	2208.32
1000000	50000000	609.7987
2000000	50000000	1517.9895
3000000	50000000	2330.627
4000000	50000000	692.2404
5000000	50000000	2891.3828
6000000	50000000	3118.6868
7000000	50000000	835.9201
8000000	50000000	1899.9852
9000000	50000000	6481.3394
10000000	50000000	12335.432
11000000	50000000	20009.258
12000000	50000000	12535.914
13000000	50000000	18204.576
14000000	50000000	18288.482
15000000	50000000	11235.262
16000000	50000000	2918.3662
17000000	50000000	1873.898
18000000	50000000	1467.1703
19000000	50000000	3787.6323
20000000	50000000	6708.358
21000000	50000000	17105.754
22000000	50000000	24891.955
25000000	50000000	11989.452
26000000	50000000	5067.0166
27000000	50000000	1422.314
28000000	50000000	1475.2051
29000000	50000000	1590.7397
30000000	50000000	2315.3306
31000000	50000000	8453.174
32000000	50000000	8479.821
33000000	50000000	4084.0388
34000000	50000000	2120.941
35000000	50000000	2655.127
36000000	50000000	1874.5637
37000000	50000000	2054.6729
38000000	50000000	2471.3843
39000000	50000000	6879.263
40000000	50000000	2061.2717
41000000	50000000	5401.742
42000000	50000000	3266.9897
43000000	50000000	4080.3235
44000000	50000000	4382.832
45000000	50000000	4134.872
46000000	50000000	4541.786
47000000	50000000	6834.09
48000000	50000000	11673.302
49000000	50000000	162360.2
50000000	50000000	868505.75
0	51000000	1630.3193
1000000	51000000	531.2322
2000000	51000000	1168.6887
3000000	51000000	1936.0925
4000000	51000000	600.4629
5000000	51000000	2201.1562
6000000	51000000	2349.4272
7000000	51000000	667.73364
8000000	51000000	1596.0144
9000000	51000000	4884.0415
10000000	51000000	10561.766
11000000	51000000	20904.855
12000000	51000000	11662.883
13000000	51000000	19461.314
14000000	51000000	19233.58
15000000	51000000	9317.91
16000000	51000000	2397.4292
17000000	51000000	1479.5747
18000000	51000000	1216.6235
19000000	51000000	2793.2458
20000000	51000000	5072.6333
21000000	51000000	17329.037
22000000	51000000	29963.688
25000000	51000000	10329.009
26000000	51000000	3791.2273
27000000	51000000	1115.9661
28000000	51000000	1184.2008
29000000	51000000	1328.6426
30000000	51000000	1951.0074
31000000	51000000	6077.826
32000000	51000000	6152.2373
33000000	51000000	3087.9812
34000000	51000000	1726.7966
35000000	51000000	1985.2781
36000000	51000000	1515.2449
37000000	51000000	1729.5448
38000000	51000000	2123.067
39000000	51000000	5380.852
40000000	51000000	1824.4666
41000000	51000000	4685.9233
42000000	51000000	2647.346
43000000	51000000	3202.242
44000000	51000000	3442.0688
45000000	51000000	3110.2866
46000000	51000000	3329.401
47000000	51000000	4806.3643
48000000	51000000	7053.762
49000000	51000000	61220.14
50000000	51000000	284829.5
51000000	51000000	909193.56
0	52000000	1925.8096
1000000	52000000	582.02765
2000000	52000000	1312.1246
3000000	52000000	2015.8158
4000000	52000000	647.70355
5000000	52000000	2419.642
6000000	52000000	2571.502
7000000	52000000	746.3068
8000000	52000000	1708.726
9000000	52000000	5726.0776
10000000	52000000	11329.113
11000000	52000000	20156.316
12000000	52000000	12474.656
13000000	52000000	18326.922
14000000	52000000	18017.008
15000000	52000000	10629.215
16000000	52000000	2735.2498
17000000	52000000	1588.7119
18000000	52000000	1354.5713
19000000	52000000	3278.4238
20000000	52000000	5708.967
21000000	52000000	16664.111
22000000	52000000	26569.547
25000000	52000000	11310.82
26000000	52000000	4381.8125
27000000	52000000	1233.4131
28000000	52000000	1319.7678
29000000	52000000	1454.233
30000000	52000000	2069.3533
31000000	52000000	6739.2637
32000000	52000000	6706.3945
33000000	52000000	3376.3518
34000000	52000000	1769.0681
35000000	52000000	2175.596
36000000	52000000	1557.4077
37000000	52000000	1738.8934
38000000	52000000	2135.6501
39000000	52000000	5543.654
40000000	52000000	1836.6709
41000000	52000000	4633.765
42000000	52000000	2705.8132
43000000	52000000	3163.0657
44000000	52000000	3214.699
45000000	52000000	2797.887
46000000	52000000	3083.6072
47000000	52000000	4239.5146
48000000	52000000	7207.0127
49000000	52000000	71757.86
50000000	52000000	194635.8
51000000	52000000	308534.5
52000000	52000000	867535.8
0	53000000	2871.772
1000000	53000000	1540.529
2000000	53000000	2427.6072
3000000	53000000	2712.8706
4000000	53000000	1527.157
5000000	53000000	3269.253
6000000	53000000	3736.738
7000000	53000000	1872.1545
8000000	53000000	4197.613
9000000	53000000	9222.804
10000000	53000000	10477.01
11000000	53000000	7459.6562
12000000	53000000	9990.16
13000000	53000000	7594.278
14000000	53000000	7753.661
15000000	53000000	10719.425
16000000	53000000	6097.9497
17000000	53000000	4286.63
18000000	53000000	3528.4292
19000000	53000000	6674.285
20000000	53000000	10627.559
21000000	53000000	11104.331
22000000	53000000	6885.896
25000000	53000000	14838.07
26000000	53000000	9433.789
27000000	53000000	3378.84
28000000	53000000	3027.8103
29000000	53000000	3124.776
30000000	53000000	4616.9385
31000000	53000000	9034.363
32000000	53000000	8804.246
33000000	53000000	6434.7563
34000000	53000000	3835.5972
35000000	53000000	3940.6072
36000000	53000000	2928.2122
37000000	53000000	3076.848
38000000	53000000	4057.9656
39000000	53000000	6918.39
40000000	53000000	3246.6196
41000000	53000000	6111.596
42000000	53000000	4351.364
43000000	53000000	4970.484
44000000	53000000	5780.2344
45000000	53000000	5155.5903
46000000	53000000	6571.4575
47000000	53000000	7406.8022
48000000	53000000	15820.054
49000000	53000000	70441.625
50000000	53000000	60887.69
51000000	53000000	58412.617
52000000	53000000	136943.3
53000000	53000000	960028.6
0	54000000	2869.7908
1000000	54000000	1471.0132
2000000	54000000	2521.6833
3000000	54000000	2978.5117
4000000	54000000	1543.8727
5000000	54000000	4012.876
6000000	54000000	4692.42
7000000	54000000	1854.8422
8000000	54000000	4022.9468
9000000	54000000	9857.013
10000000	54000000	11172.631
11000000	54000000	8207.699
12000000	54000000	8706.607
13000000	54000000	7903.3677
14000000	54000000	8275.051
15000000	54000000	10679.06
16000000	54000000	5324.3525
17000000	54000000	4431.6597
18000000	54000000	3438.3984
19000000	54000000	7087.7324
20000000	54000000	10239.712
21000000	54000000	10344.469
22000000	54000000	8386.962
25000000	54000000	11148.285
26000000	54000000	8741.617
27000000	54000000	3143.0488
28000000	54000000	2765.053
29000000	54000000	3013.096
30000000	54000000	4391.003
31000000	54000000	11972.116
32000000	54000000	12286.621
33000000	54000000	7148.766
34000000	54000000	4110.363
35000000	54000000	4601.858
36000000	54000000	3151.6462
37000000	54000000	3156.1233
38000000	54000000	3784.456
39000000	54000000	8581.496
40000000	54000000	2977.7805
41000000	54000000	5736.2744
42000000	54000000	4157.4653
43000000	54000000	5305.7935
44000000	54000000	5713.956
45000000	54000000	4877.39
46000000	54000000	5486.884
47000000	54000000	7310.543
48000000	54000000	13908.1045
49000000	54000000	47729.15
50000000	54000000	43796.535
51000000	54000000	38805.92
52000000	54000000	57696.36
53000000	54000000	195090.7
54000000	54000000	925884.44
0	55000000	2659.2683
1000000	55000000	2566.7422
2000000	55000000	2913.134
3000000	55000000	2970.782
4000000	55000000	2656.62
5000000	55000000	3284.2124
6000000	55000000	3824.3643
7000000	55000000	3352.901
8000000	55000000	5204.614
9000000	55000000	7007.914
10000000	55000000	5074.776
11000000	55000000	2300.046
12000000	55000000	3923.6826
13000000	55000000	2363.4355
14000000	55000000	2433.5518
15000000	55000000	5193.189
16000000	55000000	6337.0576
17000000	55000000	5894.928
18000000	55000000	5623.986
19000000	55000000	8143.318
20000000	55000000	8155.7305
21000000	55000000	4440.1147
22000000	55000000	1776.2396
25000000	55000000	6772.263
26000000	55000000	9363.126
27000000	55000000	6067.077
28000000	55000000	5086.864
29000000	55000000	5081.1045
30000000	55000000	6385.85
31000000	55000000	6636.213
32000000	55000000	6592.6724
33000000	55000000	6642.25
34000000	55000000	6007.437
35000000	55000000	6089.8115
36000000	55000000	5260.813
37000000	55000000	4862.0225
38000000	55000000	5082.3975
39000000	55000000	6392.5586
40000000	55000000	4997.3647
41000000	55000000	6248.2666
42000000	55000000	6222.4155
43000000	55000000	6237.628
44000000	55000000	6971.0215
45000000	55000000	7136.4663
46000000	55000000	7970.5903
47000000	55000000	11059.3545
48000000	55000000	21213.693
49000000	55000000	23490.412
50000000	55000000	9171.971
51000000	55000000	7939.2993
52000000	55000000	10897.479
53000000	55000000	44307.3
54000000	55000000	158136.7
55000000	55000000	1032476.56
0	56000000	3237.9202
1000000	56000000	3625.6772
2000000	56000000	3644.7305
3000000	56000000	3324.157
4000000	56000000	3979.2112
5000000	56000000	3682.359
6000000	56000000	4119.285
7000000	56000000	5179.184
8000000	56000000	6448.098
9000000	56000000	5043.801
10000000	56000000	2862.6423
11000000	56000000	1610.7588
12000000	56000000	2384.7644
13000000	56000000	1531.8484
14000000	56000000	1499.5449
15000000	56000000	3415.1697
16000000	56000000	6242.76
17000000	56000000	6598.5024
18000000	56000000	7104.575
19000000	56000000	6943.5107
20000000	56000000	5251.0146
21000000	56000000	2736.8115
22000000	56000000	1441.8788
25000000	56000000	4724.249
26000000	56000000	9303.97
27000000	56000000	8627.93
28000000	56000000	6133.87
29000000	56000000	6187.682
30000000	56000000	7039.472
31000000	56000000	5048.0454
32000000	56000000	4730.452
33000000	56000000	6171.184
34000000	56000000	6359.5425
35000000	56000000	6534.5176
36000000	56000000	6824.6753
37000000	56000000	6575.0513
38000000	56000000	6298.656
39000000	56000000	6832.8896
40000000	56000000	6885.603
41000000	56000000	8576.177
42000000	56000000	8087.0493
43000000	56000000	7768.8223
44000000	56000000	7964.5605
45000000	56000000	9109.658
46000000	56000000	9576.231
47000000	56000000	13698.961
48000000	56000000	20703.338
49000000	56000000	14045.609
50000000	56000000	5896.159
51000000	56000000	5565.0103
52000000	56000000	7075.438
53000000	56000000	19436.26
54000000	56000000	39216.445
55000000	56000000	233041.98
56000000	56000000	984371.8
0	57000000	3080.047
1000000	57000000	4005.076
2000000	57000000	3548.0466
3000000	57000000	3231.909
4000000	57000000	4029.6484
5000000	57000000	3445.4883
6000000	57000000	3219.229
7000000	57000000	4491.793
8000000	57000000	5051.9663
9000000	57000000	3675.7222
10000000	57000000	1985.4957
11000000	57000000	1221.6034
12000000	57000000	1887.0317
13000000	57000000	1134.4567
14000000	57000000	1224.7878
15000000	57000000	2770.3872
16000000	57000000	5734.089
17000000	57000000	5720.3003
18000000	57000000	6269.6855
19000000	57000000	5229.327
20000000	57000000	4080.507
21000000	57000000	2175.3013
22000000	57000000	1131.9719
25000000	57000000	4006.8213
26000000	57000000	7733.4624
27000000	57000000	9306.593
28000000	57000000	8123.184
29000000	57000000	7876.659
30000000	57000000	8317.543
31000000	57000000	4029.7034
32000000	57000000	3219.5886
33000000	57000000	5600.398
34000000	57000000	6410.105
35000000	57000000	7525.143
36000000	57000000	7188.858
37000000	57000000	7783.087
38000000	57000000	6899.5073
39000000	57000000	5320.0454
40000000	57000000	7694.265
41000000	57000000	7671.2817
42000000	57000000	8227.926
43000000	57000000	7725.304
44000000	57000000	9112.335
45000000	57000000	11258.188
46000000	57000000	10603.307
47000000	57000000	12590.856
48000000	57000000	16410.584
49000000	57000000	11390.405
50000000	57000000	3916.0603
51000000	57000000	3859.0386
52000000	57000000	4586.7437
53000000	57000000	12397.578
54000000	57000000	17860.016
55000000	57000000	47129.516
56000000	57000000	229284.28
57000000	57000000	1036234.94
0	58000000	2770.0283
1000000	58000000	2885.559
2000000	58000000	2977.8567
3000000	58000000	2856.299
4000000	58000000	2910.9443
5000000	58000000	3151.763
6000000	58000000	3119.2434
7000000	58000000	3020.2751
8000000	58000000	3926.953
9000000	58000000	4017.6782
10000000	58000000	2632.4727
11000000	58000000	1739.5662
12000000	58000000	2389.5
13000000	58000000	1651.8428
14000000	58000000	1698.0511
15000000	58000000	3398.5881
16000000	58000000	4945.217
17000000	58000000	4681.1235
18000000	58000000	4739.4194
19000000	58000000	4876.866
20000000	58000000	4576.514
21000000	58000000	2734.6392
22000000	58000000	1439.0632
25000000	58000000	4384.6567
26000000	58000000	6598.649
27000000	58000000	6513.3335
28000000	58000000	6378.696
29000000	58000000	6176.5874
30000000	58000000	6995.617
31000000	58000000	5227.2524
32000000	58000000	4316.2246
33000000	58000000	5744.656
34000000	58000000	6423.2764
35000000	58000000	6530.628
36000000	58000000	5670.4453
37000000	58000000	5996.2715
38000000	58000000	5523.2773
39000000	58000000	5304.081
40000000	58000000	5451.9
41000000	58000000	6031.0396
42000000	58000000	6381.372
43000000	58000000	6256.208
44000000	58000000	8053.596
45000000	58000000	8638.136
46000000	58000000	8588.659
47000000	58000000	9166.861
48000000	58000000	12209.865
49000000	58000000	12069.959
50000000	58000000	5792.14
51000000	58000000	5596.143
52000000	58000000	6657.32
53000000	58000000	15041.333
54000000	58000000	19291.123
55000000	58000000	31204.584
56000000	58000000	46012.21
57000000	58000000	204903.83
58000000	58000000	1007072.6
0	59000000	2807.1042
1000000	59000000	1867.567
2000000	59000000	2585.8638
3000000	59000000	2715.81
4000000	59000000	1810.2963
5000000	59000000	3297.222
6000000	59000000	3504.0107
7000000	59000000	1985.8174
8000000	59000000	3196.9343
9000000	59000000	4932.8687
10000000	59000000	3982.7693
11000000	59000000	2701.2227
12000000	59000000	3658.0896
13000000	59000000	2864.4783
14000000	59000000	2872.2698
15000000	59000000	4226.3154
16000000	59000000	3744.5535
17000000	59000000	3417.6443
18000000	59000000	3098.9072
19000000	59000000	4645.222
20000000	59000000	4975.4004
21000000	59000000	3474.2988
22000000	59000000	2867.2932
25000000	59000000	4816.856
26000000	59000000	5263.326
27000000	59000000	3801.9795
28000000	59000000	4102.65
29000000	59000000	4124.1816
30000000	59000000	5410.2603
31000000	59000000	7470.055
32000000	59000000	7007.7515
33000000	59000000	5610.1426
34000000	59000000	4278.273
35000000	59000000	5337.144
36000000	59000000	3727.7214
37000000	59000000	3890.9292
38000000	59000000	3925.2964
39000000	59000000	6552.23
40000000	59000000	3049.9355
41000000	59000000	4786.6553
42000000	59000000	4307.2964
43000000	59000000	5340.1597
44000000	59000000	6186.038
45000000	59000000	5892.1465
46000000	59000000	6431.468
47000000	59000000	6666.2666
48000000	59000000	7827.897
49000000	59000000	13027.009
50000000	59000000	10452.893
51000000	59000000	9571.637
52000000	59000000	11604.013
53000000	59000000	19343.496
54000000	59000000	25653.012
55000000	59000000	22640.17
56000000	59000000	24278.184
57000000	59000000	36886.39
58000000	59000000	211991.4
59000000	59000000	989414.3
0	60000000	2995.43
1000000	60000000	2327.4722
2000000	60000000	3101.4355
3000000	60000000	3250.7925
4000000	60000000	2399.056
5000000	60000000	3847.6074
6000000	60000000	3939.816
7000000	60000000	2400.4185
8000000	60000000	3810.3896
9000000	60000000	5129.9785
10000000	60000000	4098.538
11000000	60000000	2845.0393
12000000	60000000	3644.8157
13000000	60000000	2857.5327
14000000	60000000	3036.5452
15000000	60000000	4763.756
16000000	60000000	4337.4517
17000000	60000000	4116.8057
18000000	60000000	3504.3577
19000000	60000000	4928.1523
20000000	60000000	5430.922
21000000	60000000	3850.7446
22000000	60000000	2707.6804
25000000	60000000	5167.288
26000000	60000000	5891.61
27000000	60000000	4374.202
28000000	60000000	4372.1753
29000000	60000000	4495.5854
30000000	60000000	6075.564
31000000	60000000	7790.436
32000000	60000000	7342.686
33000000	60000000	6304.699
34000000	60000000	5957.9424
35000000	60000000	6084.8804
36000000	60000000	4789.1113
37000000	60000000	4604.089
38000000	60000000	4693.6494
39000000	60000000	7045.979
40000000	60000000	3829.578
41000000	60000000	5187.738
42000000	60000000	4982.0713
43000000	60000000	5849.9395
44000000	60000000	6816.1035
45000000	60000000	6530.181
46000000	60000000	6766.621
47000000	60000000	7318.386
48000000	60000000	9088.626
49000000	60000000	14309.321
50000000	60000000	9999.933
51000000	60000000	8816.537
52000000	60000000	10002.623
53000000	60000000	18401.127
54000000	60000000	22785.791
55000000	60000000	20548.166
56000000	60000000	21194.838
57000000	60000000	30712.217
58000000	60000000	79481.4
59000000	60000000	258792.3
60000000	60000000	896375.75
0	61000000	3010.5684
1000000	61000000	2856.1328
2000000	61000000	3393.7498
3000000	61000000	3354.6863
4000000	61000000	2913.649
5000000	61000000	3981.5168
6000000	61000000	4084.364
7000000	61000000	3507.6584
8000000	61000000	4350.3535
9000000	61000000	4754.9487
10000000	61000000	3861.7744
11000000	61000000	2397.0837
12000000	61000000	3033.559
13000000	61000000	2527.5613
14000000	61000000	2562.8457
15000000	61000000	4045.6875
16000000	61000000	4674.4307
17000000	61000000	4563.822
18000000	61000000	4209.418
19000000	61000000	4820.006
20000000	61000000	4834.031
21000000	61000000	3417.3164
22000000	61000000	2447.7676
25000000	61000000	5082.7383
26000000	61000000	7049.1206
27000000	61000000	5743.902
28000000	61000000	4417.6064
29000000	61000000	4964.427
30000000	61000000	6339.0254
31000000	61000000	6914.252
32000000	61000000	6712.9126
33000000	61000000	6120.0234
34000000	61000000	5023.047
35000000	61000000	5942.6953
36000000	61000000	4900.0317
37000000	61000000	5129.7427
38000000	61000000	5229.5317
39000000	61000000	6862.4795
40000000	61000000	5103.0396
41000000	61000000	6224.973
42000000	61000000	5984.1914
43000000	61000000	6524.187
44000000	61000000	6763.34
45000000	61000000	7203.3843
46000000	61000000	7175.056
47000000	61000000	7965.2104
48000000	61000000	10542.101
49000000	61000000	13475.573
50000000	61000000	8493.662
51000000	61000000	7477.258
52000000	61000000	8541.405
53000000	61000000	15158.464
54000000	61000000	19441.102
55000000	61000000	18566.527
56000000	61000000	20255.83
57000000	61000000	25289.256
58000000	61000000	42494.312
59000000	61000000	66866.64
60000000	61000000	238072.56
61000000	61000000	956181.56
0	62000000	2852.7607
1000000	62000000	3860.197
2000000	62000000	3336.2715
3000000	62000000	3142.1433
4000000	62000000	3669.145
5000000	62000000	3134.7302
6000000	62000000	3261.7847
7000000	62000000	4285.982
8000000	62000000	4986.6553
9000000	62000000	3940.5425
10000000	62000000	2398.3137
11000000	62000000	1282.5189
12000000	62000000	2047.8254
13000000	62000000	1247.8854
14000000	62000000	1316.4031
15000000	62000000	2899.0967
16000000	62000000	5429.317
17000000	62000000	5355.5557
18000000	62000000	5359.287
19000000	62000000	4808.4204
20000000	62000000	4021.4255
21000000	62000000	2546.4846
22000000	62000000	1215.2262
25000000	62000000	4678.4043
26000000	62000000	7851.5225
27000000	62000000	7429.3315
28000000	62000000	6186.0566
29000000	62000000	6162.68
30000000	62000000	6867.372
31000000	62000000	4128.8613
32000000	62000000	3298.3496
33000000	62000000	5308.5293
34000000	62000000	5338.677
35000000	62000000	5696.277
36000000	62000000	5825.0415
37000000	62000000	6294.7256
38000000	62000000	5742.986
39000000	62000000	4807.7954
40000000	62000000	6496.966
41000000	62000000	6389.7026
42000000	62000000	7442.383
43000000	62000000	11509.242
44000000	62000000	21772.812
45000000	62000000	9956.823
46000000	62000000	8648.246
47000000	62000000	9603.953
48000000	62000000	13565.412
49000000	62000000	9727.494
50000000	62000000	3396.87
51000000	62000000	2960.4456
52000000	62000000	3478.3816
53000000	62000000	9332.8545
54000000	62000000	9946.313
55000000	62000000	17660.238
56000000	62000000	19318.508
57000000	62000000	23533.049
58000000	62000000	25237.607
59000000	62000000	21693.363
60000000	62000000	36839.363
61000000	62000000	184297.7
62000000	62000000	1034448.1
0	63000000	2583.201
1000000	63000000	1822.875
2000000	63000000	2345.78
3000000	63000000	2614.6348
4000000	63000000	1781.1766
5000000	63000000	2975.6206
6000000	63000000	3335.2122
7000000	63000000	1899.5587
8000000	63000000	3308.048
9000000	63000000	5134.3516
10000000	63000000	4647.0254
11000000	63000000	3698.043
12000000	63000000	4307.7056
13000000	63000000	3658.1208
14000000	63000000	3864.1836
15000000	63000000	4771.6553
16000000	63000000	3749.7795
17000000	63000000	3206.5366
18000000	63000000	2875.7678
19000000	63000000	3970.6802
20000000	63000000	4664.042
21000000	63000000	4563.481
22000000	63000000	4327.0557
25000000	63000000	6155.679
26000000	63000000	5453.2344
27000000	63000000	3377.5625
28000000	63000000	3352.3625
29000000	63000000	3322.248
30000000	63000000	4354.336
31000000	63000000	6945.684
32000000	63000000	6637.7544
33000000	63000000	4863.7446
34000000	63000000	3530.193
35000000	63000000	3813.1968
36000000	63000000	3175.734
37000000	63000000	3155.571
38000000	63000000	3545.2212
39000000	63000000	5984.6885
40000000	63000000	2770.685
41000000	63000000	4255.8174
42000000	63000000	3630.7788
43000000	63000000	4665.4556
44000000	63000000	5202.4336
45000000	63000000	4605.292
46000000	63000000	5082.6733
47000000	63000000	5866.7163
48000000	63000000	7209.9175
49000000	63000000	12655.13
50000000	63000000	12257.349
51000000	63000000	11306.161
52000000	63000000	12558.66
53000000	63000000	15185.785
54000000	63000000	18418.4
55000000	63000000	12554.985
56000000	63000000	11216.87
57000000	63000000	10865.8955
58000000	63000000	15274.242
59000000	63000000	22523.455
60000000	63000000	31168.31
61000000	63000000	41266.39
62000000	63000000	182539.62
63000000	63000000	969864.3
0	64000000	2543.1135
1000000	64000000	1572.4938
2000000	64000000	2217.7559
3000000	64000000	2424.0154
4000000	64000000	1661.3557
5000000	64000000	2898.9727
6000000	64000000	3323.301
7000000	64000000	1658.3616
8000000	64000000	2907.3855
9000000	64000000	5136.88
10000000	64000000	4607.88
11000000	64000000	3467.58
12000000	64000000	3962.3455
13000000	64000000	3530.9546
14000000	64000000	3599.3804
15000000	64000000	4675.739
16000000	64000000	3398.3909
17000000	64000000	3158.6035
18000000	64000000	2706.3887
19000000	64000000	4001.2937
20000000	64000000	4736.021
21000000	64000000	4578.6226
22000000	64000000	4025.1458
25000000	64000000	5447.9844
26000000	64000000	4920.9375
27000000	64000000	2982.841
28000000	64000000	3150.559
29000000	64000000	3253.859
30000000	64000000	4185.426
31000000	64000000	7592.029
32000000	64000000	7151.599
33000000	64000000	4930.215
34000000	64000000	3399.748
35000000	64000000	3693.6013
36000000	64000000	2850.487
37000000	64000000	2785.7888
38000000	64000000	3124.85
39000000	64000000	5974.731
40000000	64000000	2344.3345
41000000	64000000	3863.4666
42000000	64000000	3250.1848
43000000	64000000	4295.5605
44000000	64000000	4992.4424
45000000	64000000	4334.7773
46000000	64000000	4684.0386
47000000	64000000	5502.841
48000000	64000000	7030.367
49000000	64000000	13011.185
50000000	64000000	11982.226
51000000	64000000	10439.762
52000000	64000000	11548.559
53000000	64000000	15025.991
54000000	64000000	18367.506
55000000	64000000	12269.447
56000000	64000000	10387.229
57000000	64000000	9619.205
58000000	64000000	14265.116
59000000	64000000	21648.377
60000000	64000000	26183.797
61000000	64000000	30258.623
62000000	64000000	55676.55
63000000	64000000	277477.8
64000000	64000000	956066.5
0	65000000	2546.4702
1000000	65000000	2876.8953
2000000	65000000	2712.659
3000000	65000000	2646.708
4000000	65000000	2998.6702
5000000	65000000	2707.9082
6000000	65000000	2583.2212
7000000	65000000	2880.643
8000000	65000000	3889.3137
9000000	65000000	4077.9153
10000000	65000000	3023.2593
11000000	65000000	1629.5856
12000000	65000000	2667.6194
13000000	65000000	1623.7611
14000000	65000000	1640.9955
15000000	65000000	3397.0588
16000000	65000000	5266.316
17000000	65000000	4548.4663
18000000	65000000	4671.4946
19000000	65000000	4981.7935
20000000	65000000	4864.8623
21000000	65000000	3115.2249
22000000	65000000	1452.7614
25000000	65000000	4988.768
26000000	65000000	6831.2847
27000000	65000000	6012.138
28000000	65000000	5419.755
29000000	65000000	5495.233
30000000	65000000	6513.8633
31000000	65000000	4133.928
32000000	65000000	3599.8599
33000000	65000000	5073.3013
34000000	65000000	5129.583
35000000	65000000	5291.5493
36000000	65000000	4666.7905
37000000	65000000	4650.982
38000000	65000000	4905.821
39000000	65000000	3971.1677
40000000	65000000	4979.6284
41000000	65000000	4941.95
42000000	65000000	5152.6333
43000000	65000000	5127.403
44000000	65000000	6672.9995
45000000	65000000	7098.1553
46000000	65000000	6741.379
47000000	65000000	7913.22
48000000	65000000	12165.357
49000000	65000000	11990.497
50000000	65000000	4107.025
51000000	65000000	3609.895
52000000	65000000	4085.8733
53000000	65000000	11725.579
54000000	65000000	10243.739
55000000	65000000	14152.013
56000000	65000000	13476.973
57000000	65000000	17683.219
58000000	65000000	18777.828
59000000	65000000	15436.986
60000000	65000000	19955.652
61000000	65000000	24611.629
62000000	65000000	50028.152
63000000	65000000	60765.49
64000000	65000000	203208.33
65000000	65000000	1068886.5
0	66000000	2382.865
1000000	66000000	2138.109
2000000	66000000	2292.315
3000000	66000000	2419.1045
4000000	66000000	2220.7852
5000000	66000000	2595.0112
6000000	66000000	2906.5146
7000000	66000000	2316.6543
8000000	66000000	3612.6238
9000000	66000000	4756.4634
10000000	66000000	3914.9314
11000000	66000000	2808.3706
12000000	66000000	4045.012
13000000	66000000	2820.6958
14000000	66000000	2881.6404
15000000	66000000	4509.178
16000000	66000000	4896.435
17000000	66000000	3988.184
18000000	66000000	3798.9248
19000000	66000000	4813.382
20000000	66000000	5306.3613
21000000	66000000	4106.0566
22000000	66000000	3034.4875
25000000	66000000	6228.7056
26000000	66000000	6850.651
27000000	66000000	4374.536
28000000	66000000	3814.5046
29000000	66000000	3845.7488
30000000	66000000	4904.9517
31000000	66000000	4603.049
32000000	66000000	4206.9473
33000000	66000000	4503.1743
34000000	66000000	3550.2278
35000000	66000000	3742.0876
36000000	66000000	3433.2366
37000000	66000000	3509.154
38000000	66000000	3557.8364
39000000	66000000	4279.017
40000000	66000000	3447.9878
41000000	66000000	4268.03
42000000	66000000	4008.8967
43000000	66000000	4272.5347
44000000	66000000	5417.8154
45000000	66000000	5226.404
46000000	66000000	4960.233
47000000	66000000	6174.724
48000000	66000000	9680.0625
49000000	66000000	13997.3545
50000000	66000000	8749.703
51000000	66000000	7937.0405
52000000	66000000	8859.808
53000000	66000000	15317.972
54000000	66000000	14661.163
55000000	66000000	13635.519
56000000	66000000	12132.223
57000000	66000000	11918.864
58000000	66000000	13994.591
59000000	66000000	14008.779
60000000	66000000	16541.57
61000000	66000000	18991.81
62000000	66000000	26509.69
63000000	66000000	33065.176
64000000	66000000	46519.84
65000000	66000000	155227.31
66000000	66000000	997858.4
0	67000000	1837.7445
1000000	67000000	1239.0333
2000000	67000000	1823.57
3000000	67000000	2035.0605
4000000	67000000	1271.4335
5000000	67000000	2249.414
6000000	67000000	2383.6074
7000000	67000000	1415.5774
8000000	67000000	2580.0469
9000000	67000000	4741.3975
10000000	67000000	5436.5747
11000000	67000000	4837.727
12000000	67000000	5895.1675
13000000	67000000	4856.8794
14000000	67000000	4888.529
15000000	67000000	5705.917
16000000	67000000	3581.1301
17000000	67000000	2614.5486
18000000	67000000	2291.915
19000000	67000000	3479.4954
20000000	67000000	5125.0234
21000000	67000000	5703.1646
22000000	67000000	5190.1963
25000000	67000000	7622.949
26000000	67000000	5228.9917
27000000	67000000	2381.3494
28000000	67000000	2431.6975
29000000	67000000	2400.3472
30000000	67000000	3293.3433
31000000	67000000	5101.6777
32000000	67000000	4648.6616
33000000	67000000	3693.0325
34000000	67000000	2360.6587
35000000	67000000	2641.6868
36000000	67000000	2057.8687
37000000	67000000	2124.5173
38000000	67000000	2468.0525
39000000	67000000	3794.339
40000000	67000000	1946.7094
41000000	67000000	3168.6401
42000000	67000000	2522.6838
43000000	67000000	2815.9429
44000000	67000000	3649.0132
45000000	67000000	3260.225
46000000	67000000	3452.22
47000000	67000000	3745.2793
48000000	67000000	5650.2607
49000000	67000000	14765.015
50000000	67000000	14655.988
51000000	67000000	14049.1455
52000000	67000000	15108.63
53000000	67000000	19574.3
54000000	67000000	18152.992
55000000	67000000	10935.978
56000000	67000000	7462.531
57000000	67000000	7074.188
58000000	67000000	9962.24
59000000	67000000	13501.0625
60000000	67000000	14839.219
61000000	67000000	14680.479
62000000	67000000	12867.217
63000000	67000000	24955.705
64000000	67000000	30427.926
65000000	67000000	41751.88
66000000	67000000	254985.94
67000000	67000000	871265.4
0	68000000	1697.8875
1000000	68000000	806.485
2000000	68000000	1339.254
3000000	68000000	1840.1285
4000000	68000000	824.27985
5000000	68000000	2093.5532
6000000	68000000	2177.4224
7000000	68000000	902.08905
8000000	68000000	1779.191
9000000	68000000	4445.5356
10000000	68000000	6455.916
11000000	68000000	8171.7017
12000000	68000000	6805.587
13000000	68000000	7795.915
14000000	68000000	7907.947
15000000	68000000	6161.987
16000000	68000000	2296.8364
17000000	68000000	1651.8424
18000000	68000000	1361.2596
19000000	68000000	2452.1624
20000000	68000000	4157.444
21000000	68000000	7522.4434
22000000	68000000	9948.229
25000000	68000000	7259.726
26000000	68000000	3647.917
27000000	68000000	1353.0776
28000000	68000000	1439.7513
29000000	68000000	1450.0305
30000000	68000000	2060.1506
31000000	68000000	5170.57
32000000	68000000	4704.8335
33000000	68000000	2904.0876
34000000	68000000	1613.5411
35000000	68000000	1712.7516
36000000	68000000	1298.9755
37000000	68000000	1329.1058
38000000	68000000	1688.1906
39000000	68000000	3649.5881
40000000	68000000	1213.0094
41000000	68000000	2598.6953
42000000	68000000	1720.2505
43000000	68000000	2166.2312
44000000	68000000	2367.355
45000000	68000000	2110.232
46000000	68000000	2136.7944
47000000	68000000	2484.8416
48000000	68000000	3345.7627
49000000	68000000	14150.092
50000000	68000000	25245.59
51000000	68000000	25918.215
52000000	68000000	26334.977
53000000	68000000	17340.312
54000000	68000000	18129.525
55000000	68000000	6676.5044
56000000	68000000	4869.2437
57000000	68000000	3993.1228
58000000	68000000	6335.1216
59000000	68000000	11290.919
60000000	68000000	11436.537
61000000	68000000	11209.478
62000000	68000000	6987.242
63000000	68000000	21938.7
64000000	68000000	24585.484
65000000	68000000	15841.5205
66000000	68000000	55129.293
67000000	68000000	284108.34
68000000	68000000	882299.44
0	69000000	1802.9073
1000000	69000000	811.7517
2000000	69000000	1416.5851
3000000	69000000	1901.7124
4000000	69000000	869.5275
5000000	69000000	2248.2178
6000000	69000000	2281.2288
7000000	69000000	877.51776
8000000	69000000	1772.0146
9000000	69000000	4501.399
10000000	69000000	6661.294
11000000	69000000	8744.744
12000000	69000000	7334.955
13000000	69000000	8125.582
14000000	69000000	8102.3345
15000000	69000000	6263.461
16000000	69000000	2264.45
17000000	69000000	1538.4426
18000000	69000000	1333.2032
19000000	69000000	2537.7224
20000000	69000000	4015.766
21000000	69000000	7650.842
22000000	69000000	10513.376
25000000	69000000	7067.0615
26000000	69000000	3530.5803
27000000	69000000	1278.6195
28000000	69000000	1360.5074
29000000	69000000	1382.3098
30000000	69000000	1946.8903
31000000	69000000	5165.2046
32000000	69000000	4762.256
33000000	69000000	2647.314
34000000	69000000	1362.2664
35000000	69000000	1573.4188
36000000	69000000	1190.2876
37000000	69000000	1225.9014
38000000	69000000	1523.6108
39000000	69000000	3678.9253
40000000	69000000	1141.359
41000000	69000000	2402.4617
42000000	69000000	1635.2161
43000000	69000000	1979.6227
44000000	69000000	2091.7136
45000000	69000000	1790.0264
46000000	69000000	1906.2299
47000000	69000000	2435.7075
48000000	69000000	3176.2903
49000000	69000000	13889.801
50000000	69000000	24822.455
51000000	69000000	25089.762
52000000	69000000	25566.566
53000000	69000000	15494.454
54000000	69000000	16760.139
55000000	69000000	5732.115
56000000	69000000	4344.2334
57000000	69000000	3552.954
58000000	69000000	5621.0034
59000000	69000000	9503.873
60000000	69000000	9705.513
61000000	69000000	9033.905
62000000	69000000	5571.0127
63000000	69000000	17591.812
64000000	69000000	19130.494
65000000	69000000	10237.818
66000000	69000000	29514.537
67000000	69000000	81210.09
68000000	69000000	262733.2
69000000	69000000	908151.3
0	70000000	2150.3848
1000000	70000000	1361.3187
2000000	70000000	1924.461
3000000	70000000	2122.817
4000000	70000000	1528.0402
5000000	70000000	2454.7668
6000000	70000000	2664.6372
7000000	70000000	1661.1697
8000000	70000000	3047.4368
9000000	70000000	5911.02
10000000	70000000	6049.291
11000000	70000000	4362.0327
12000000	70000000	5639.9463
13000000	70000000	4028.5496
14000000	70000000	4322.5923
15000000	70000000	5758.773
16000000	70000000	4033.2283
17000000	70000000	3023.0713
18000000	70000000	2534.979
19000000	70000000	4092.0342
20000000	70000000	5474.217
21000000	70000000	6086.333
22000000	70000000	4502.1743
25000000	70000000	8047.9463
26000000	70000000	5588.049
27000000	70000000	2424.6726
28000000	70000000	2308.8867
29000000	70000000	2318.6301
30000000	70000000	3214.692
31000000	70000000	5218.316
32000000	70000000	4871.7627
33000000	70000000	3901.2534
34000000	70000000	2588.02
35000000	70000000	2497.5532
36000000	70000000	1962.9722
37000000	70000000	2043.9655
38000000	70000000	2591.4856
39000000	70000000	3752.6682
40000000	70000000	2024.475
41000000	70000000	3347.0828
42000000	70000000	2503.2007
43000000	70000000	2966.0127
44000000	70000000	3349.903
45000000	70000000	2977.2263
46000000	70000000	3304.4214
47000000	70000000	3796.3572
48000000	70000000	6316.3354
49000000	70000000	14735.155
50000000	70000000	11259.653
51000000	70000000	9742.215
52000000	70000000	11241.874
53000000	70000000	18888.568
54000000	70000000	15473.737
55000000	70000000	10257.698
56000000	70000000	6801.2515
57000000	70000000	6007.474
58000000	70000000	8096.8184
59000000	70000000	9878.056
60000000	70000000	10903.422
61000000	70000000	10526.645
62000000	70000000	10374.578
63000000	70000000	16589.004
64000000	70000000	18754.832
65000000	70000000	18747.768
66000000	70000000	34355.426
67000000	70000000	65328.707
68000000	70000000	115165.72
69000000	70000000	321784.62
70000000	70000000	831140.25
0	71000000	3902.1682
1000000	71000000	1931.3729
2000000	71000000	2975.7815
3000000	71000000	3169.8757
4000000	71000000	1996.069
5000000	71000000	4398.2817
6000000	71000000	5018.887
7000000	71000000	2377.462
8000000	71000000	4761.2583
9000000	71000000	8904.948
10000000	71000000	7270.0796
11000000	71000000	4250.8413
12000000	71000000	4661.4478
13000000	71000000	3752.8716
14000000	71000000	3999.2913
15000000	71000000	6769.8525
16000000	71000000	5453.564
17000000	71000000	4965.0405
18000000	71000000	3778.397
19000000	71000000	6422.564
20000000	71000000	7494.178
21000000	71000000	6753.0083
22000000	71000000	4396.372
25000000	71000000	7573.1553
26000000	71000000	7396.539
27000000	71000000	3618.1177
28000000	71000000	3015.0427
29000000	71000000	3126.1287
30000000	71000000	4426.4995
31000000	71000000	9907.624
32000000	71000000	10118.283
33000000	71000000	6338.451
34000000	71000000	3853.0405
35000000	71000000	4563.413
36000000	71000000	3017.8542
37000000	71000000	2895.6562
38000000	71000000	3138.8125
39000000	71000000	6784.019
40000000	71000000	2598.983
41000000	71000000	4592.614
42000000	71000000	3842.3672
43000000	71000000	5127.8647
44000000	71000000	5396.4487
45000000	71000000	4277.2744
46000000	71000000	4887.92
47000000	71000000	6588.551
48000000	71000000	10383.234
49000000	71000000	17059.713
50000000	71000000	10623.1455
51000000	71000000	8223.836
52000000	71000000	9833.52
53000000	71000000	17992.055
54000000	71000000	20241.592
55000000	71000000	14483.974
56000000	71000000	9788.423
57000000	71000000	7510.3
58000000	71000000	9408.681
59000000	71000000	12450.573
60000000	71000000	13808.444
61000000	71000000	14158.951
62000000	71000000	12199.687
63000000	71000000	18334.098
64000000	71000000	23060.986
65000000	71000000	20252.3
66000000	71000000	30962.088
67000000	71000000	37332.65
68000000	71000000	44161.684
69000000	71000000	65123.62
70000000	71000000	257354.19
71000000	71000000	909148.9
0	72000000	5189.8115
1000000	72000000	4056.9417
2000000	72000000	4342.3774
3000000	72000000	4359.7617
4000000	72000000	4248.657
5000000	72000000	5256.8276
6000000	72000000	6475.216
7000000	72000000	5561.3027
8000000	72000000	8017.442
9000000	72000000	7568.967
10000000	72000000	4556.1206
11000000	72000000	2315.5789
12000000	72000000	3081.5962
13000000	72000000	2049.4746
14000000	72000000	2223.4082
15000000	72000000	4462.372
16000000	72000000	6592.962
17000000	72000000	7377.411
18000000	72000000	6251.897
19000000	72000000	6826.9727
20000000	72000000	6080.975
21000000	72000000	4108.824
22000000	72000000	2302.8887
25000000	72000000	5922.6943
26000000	72000000	9438.641
27000000	72000000	7162.117
28000000	72000000	5215.6997
29000000	72000000	5300.067
30000000	72000000	6526.571
31000000	72000000	7699.9927
32000000	72000000	7888.832
33000000	72000000	7281.4854
34000000	72000000	5929.1523
35000000	72000000	6468.3706
36000000	72000000	5799.357
37000000	72000000	5734.257
38000000	72000000	5575.9907
39000000	72000000	7960.407
40000000	72000000	5494.519
41000000	72000000	7592.813
42000000	72000000	7449.4233
43000000	72000000	8224.124
44000000	72000000	7746.46
45000000	72000000	7271.2964
46000000	72000000	7868.706
47000000	72000000	11190.981
48000000	72000000	15049.416
49000000	72000000	11434.9375
50000000	72000000	4970.159
51000000	72000000	4066.127
52000000	72000000	4616.577
53000000	72000000	9242.145
54000000	72000000	12048.068
55000000	72000000	13781.296
56000000	72000000	14298.667
57000000	72000000	11264.065
58000000	72000000	10517.359
59000000	72000000	10646.367
60000000	72000000	12139.465
61000000	72000000	14177.144
62000000	72000000	15430.901
63000000	72000000	14993.57
64000000	72000000	16075.28
65000000	72000000	18359.93
66000000	72000000	22139.031
67000000	72000000	17884.324
68000000	72000000	16879.455
69000000	72000000	20369.572
70000000	72000000	43649.074
71000000	72000000	182845.83
72000000	72000000	998603.06
0	73000000	3516.535
1000000	73000000	6993.268
2000000	73000000	4950.447
3000000	73000000	4364.5586
4000000	73000000	7151.4355
5000000	73000000	4168.407
6000000	73000000	3674.6865
7000000	73000000	9705.448
8000000	73000000	6631.686
9000000	73000000	2442.4902
10000000	73000000	1342.5112
11000000	73000000	802.6622
12000000	73000000	1090.892
13000000	73000000	673.4594
14000000	73000000	723.65485
15000000	73000000	1666.4556
16000000	73000000	4317.4756
17000000	73000000	5455.1763
18000000	73000000	5937.281
19000000	73000000	3376.489
20000000	73000000	2341.3877
21000000	73000000	1354.5947
22000000	73000000	740.48816
25000000	73000000	2442.9016
26000000	73000000	6689.2627
27000000	73000000	9936.462
28000000	73000000	6165.8936
29000000	73000000	6265.3022
30000000	73000000	5810.1045
31000000	73000000	2407.5586
32000000	73000000	1796.5706
33000000	73000000	3934.7417
34000000	73000000	4933.405
35000000	73000000	5440.117
36000000	73000000	8144.764
37000000	73000000	7867.0854
38000000	73000000	7231.9116
39000000	73000000	4414.1294
40000000	73000000	10881.595
41000000	73000000	7884.2188
42000000	73000000	10206.113
43000000	73000000	8349.961
44000000	73000000	6804.6562
45000000	73000000	8808.727
46000000	73000000	8114.6904
47000000	73000000	9750.561
48000000	73000000	11326.912
49000000	73000000	4547.3486
50000000	73000000	1166.734
51000000	73000000	1014.5016
52000000	73000000	1206.2236
53000000	73000000	2873.4043
54000000	73000000	3056.2397
55000000	73000000	6320.3423
56000000	73000000	9905.283
57000000	73000000	10706.755
58000000	73000000	7301.673
59000000	73000000	4501.9688
60000000	73000000	5633.3257
61000000	73000000	8462.625
62000000	73000000	12639.311
63000000	73000000	5721.5063
64000000	73000000	4973.0767
65000000	73000000	11238.005
66000000	73000000	9245.353
67000000	73000000	5592.757
68000000	73000000	4272.936
69000000	73000000	4738.2793
70000000	73000000	9303.936
71000000	73000000	16005.68
72000000	73000000	158735.89
73000000	73000000	1191847.5
0	74000000	4367.8296
1000000	74000000	6238.2446
2000000	74000000	4764.817
3000000	74000000	4411.4634
4000000	74000000	6201.4863
5000000	74000000	4222.3203
6000000	74000000	4496.6694
7000000	74000000	6922.0864
8000000	74000000	4924.6973
9000000	74000000	2250.407
10000000	74000000	1246.6288
11000000	74000000	767.0668
12000000	74000000	1037.97
13000000	74000000	679.8822
14000000	74000000	684.597
15000000	74000000	1360.676
16000000	74000000	3412.3657
17000000	74000000	4146.718
18000000	74000000	4338.7427
19000000	74000000	2864.6135
20000000	74000000	1825.1393
21000000	74000000	1117.6211
22000000	74000000	708.97943
25000000	74000000	1953.428
26000000	74000000	4368.057
27000000	74000000	7231.67
28000000	74000000	5034.073
29000000	74000000	5314.204
30000000	74000000	5040.5864
31000000	74000000	2923.437
32000000	74000000	2622.988
33000000	74000000	3806.8093
34000000	74000000	4544.988
35000000	74000000	5271.1743
36000000	74000000	7081.8433
37000000	74000000	7231.802
38000000	74000000	5997.5737
39000000	74000000	5451.885
40000000	74000000	8359.473
41000000	74000000	7822.721
42000000	74000000	9251.527
43000000	74000000	7982.7646
44000000	74000000	6816.2754
45000000	74000000	7424.7866
46000000	74000000	6655.7925
47000000	74000000	8248.402
48000000	74000000	7983.9595
49000000	74000000	3249.3896
50000000	74000000	1350.4978
51000000	74000000	1189.269
52000000	74000000	1264.6736
53000000	74000000	2470.8374
54000000	74000000	2789.8003
55000000	74000000	4812.6133
56000000	74000000	7244.382
57000000	74000000	7412.592
58000000	74000000	5463.9917
59000000	74000000	4081.1606
60000000	74000000	4976.1064
61000000	74000000	6401.0576
62000000	74000000	8285.918
63000000	74000000	5067.7207
64000000	74000000	4719.869
65000000	74000000	7493.7114
66000000	74000000	6390.5425
67000000	74000000	4476.2153
68000000	74000000	3830.4368
69000000	74000000	4297.515
70000000	74000000	6738.0293
71000000	74000000	11795.672
72000000	74000000	32835.715
73000000	74000000	207057.38
74000000	74000000	1094331.6
0	75000000	5240.1133
1000000	75000000	4778.112
2000000	75000000	4573.688
3000000	75000000	4626.96
4000000	75000000	4690.7017
5000000	75000000	4842.623
6000000	75000000	5425.372
7000000	75000000	4820.251
8000000	75000000	4132.0596
9000000	75000000	2694.349
10000000	75000000	1476.0421
11000000	75000000	864.90186
12000000	75000000	1165.1051
13000000	75000000	851.1314
14000000	75000000	829.4071
15000000	75000000	1469.0996
16000000	75000000	3120.5356
17000000	75000000	3719.6833
18000000	75000000	3458.5442
19000000	75000000	2766.8872
20000000	75000000	1930.2356
21000000	75000000	1270.7302
22000000	75000000	859.16174
25000000	75000000	1978.3119
26000000	75000000	3689.7522
27000000	75000000	5152.198
28000000	75000000	3993.9417
29000000	75000000	4320.6685
30000000	75000000	4511.185
31000000	75000000	3926.9058
32000000	75000000	3885.8225
33000000	75000000	4190.1387
34000000	75000000	4345.426
35000000	75000000	5100.722
36000000	75000000	5930.2363
37000000	75000000	5821.8994
38000000	75000000	5292.6357
39000000	75000000	6788.085
40000000	75000000	5586.4585
41000000	75000000	7325.609
42000000	75000000	7371.0537
43000000	75000000	7472.5557
44000000	75000000	6307.8496
45000000	75000000	5814.4287
46000000	75000000	5321.5396
47000000	75000000	7120.0273
48000000	75000000	6636.1333
49000000	75000000	3227.5583
50000000	75000000	1716.9714
51000000	75000000	1642.4391
52000000	75000000	1791.2004
53000000	75000000	2901.1965
54000000	75000000	3279.35
55000000	75000000	4406.7104
56000000	75000000	6274.6226
57000000	75000000	5784.055
58000000	75000000	4722.9688
59000000	75000000	4392.6646
60000000	75000000	5007.6167
61000000	75000000	5983.008
62000000	75000000	6722.927
63000000	75000000	5586.7124
64000000	75000000	5423.6616
65000000	75000000	6128.8496
66000000	75000000	6049.4937
67000000	75000000	4808.358
68000000	75000000	4536.4604
69000000	75000000	4846.617
70000000	75000000	7122.979
71000000	75000000	13321.894
72000000	75000000	26027.412
73000000	75000000	33774.36
74000000	75000000	242364.61
75000000	75000000	1074371.0
0	76000000	5320.4575
1000000	76000000	5556.127
2000000	76000000	4955.2803
3000000	76000000	4840.394
4000000	76000000	5347.664
5000000	76000000	4699.8735
6000000	76000000	5048.9873
7000000	76000000	5743.6274
8000000	76000000	4445.662
9000000	76000000	2464.803
10000000	76000000	1357.7687
11000000	76000000	824.3246
12000000	76000000	1129.814
13000000	76000000	772.1417
14000000	76000000	779.2659
15000000	76000000	1474.7944
16000000	76000000	3076.4253
17000000	76000000	3898.839
18000000	76000000	3621.0715
19000000	76000000	2678.5352
20000000	76000000	1941.6781
21000000	76000000	1180.8428
22000000	76000000	807.3843
25000000	76000000	2022.6477
26000000	76000000	3847.9253
27000000	76000000	5258.851
28000000	76000000	4016.1443
29000000	76000000	4320.8667
30000000	76000000	4558.8604
31000000	76000000	3587.2153
32000000	76000000	3325.7537
33000000	76000000	4320.353
34000000	76000000	4573.551
35000000	76000000	5064.4395
36000000	76000000	6216.0723
37000000	76000000	6051.0854
38000000	76000000	5826.318
39000000	76000000	5959.2354
40000000	76000000	6473.7285
41000000	76000000	7028.3315
42000000	76000000	7731.3027
43000000	76000000	7457.3647
44000000	76000000	5901.965
45000000	76000000	5982.86
46000000	76000000	5502.76
47000000	76000000	6676.089
48000000	76000000	6372.917
49000000	76000000	3103.7483
50000000	76000000	1330.2842
51000000	76000000	1163.6066
52000000	76000000	1287.9022
53000000	76000000	2785.1973
54000000	76000000	2906.652
55000000	76000000	4259.1865
56000000	76000000	5968.811
57000000	76000000	5717.2495
58000000	76000000	4696.3076
59000000	76000000	3912.5222
60000000	76000000	4749.3384
61000000	76000000	5691.3896
62000000	76000000	6809.6113
63000000	76000000	4939.388
64000000	76000000	4599.1196
65000000	76000000	6140.7715
66000000	76000000	5340.424
67000000	76000000	4226.8403
68000000	76000000	3633.017
69000000	76000000	3862.6536
70000000	76000000	6061.557
71000000	76000000	10594.106
72000000	76000000	20798.604
73000000	76000000	28116.504
74000000	76000000	67886.93
75000000	76000000	232865.56
76000000	76000000	1118844.2
0	77000000	8501.448
1000000	77000000	4615.8677
2000000	77000000	5440.829
3000000	77000000	5424.5825
4000000	77000000	4231.6816
5000000	77000000	6386.632
6000000	77000000	7758.519
7000000	77000000	4382.2354
8000000	77000000	4376.772
9000000	77000000	3610.4734
10000000	77000000	2275.1704
11000000	77000000	1317.6813
12000000	77000000	1476.3502
13000000	77000000	1118.4501
14000000	77000000	1196.3677
15000000	77000000	2125.7466
16000000	77000000	3041.086
17000000	77000000	3892.8728
18000000	77000000	3059.157
19000000	77000000	3251.6785
20000000	77000000	2545.2083
21000000	77000000	1781.3694
22000000	77000000	1409.1766
25000000	77000000	2236.0237
26000000	77000000	3571.019
27000000	77000000	4172.598
28000000	77000000	3146.2615
29000000	77000000	3527.5332
30000000	77000000	4125.5728
31000000	77000000	7056.4966
32000000	77000000	7225.411
33000000	77000000	5523.1494
34000000	77000000	4535.598
35000000	77000000	6080.0493
36000000	77000000	5172.188
37000000	77000000	5149.7363
38000000	77000000	4538.619
39000000	77000000	9404.253
40000000	77000000	4413.105
41000000	77000000	7423.7065
42000000	77000000	7024.189
43000000	77000000	8455.517
44000000	77000000	7021.6567
45000000	77000000	5102.5615
46000000	77000000	4949.2207
47000000	77000000	6796.3643
48000000	77000000	6048.6885
49000000	77000000	4105.9277
50000000	77000000	2450.8564
51000000	77000000	1967.5763
52000000	77000000	2151.7249
53000000	77000000	3495.9111
54000000	77000000	4865.24
55000000	77000000	4607.4106
56000000	77000000	5233.5312
57000000	77000000	4267.8984
58000000	77000000	4309.016
59000000	77000000	4900.7095
60000000	77000000	5775.379
61000000	77000000	6307.1953
62000000	77000000	5265.2236
63000000	77000000	5892.0005
64000000	77000000	6237.08
65000000	77000000	5143.3335
66000000	77000000	5725.953
67000000	77000000	5150.367
68000000	77000000	5127.43
69000000	77000000	5588.5015
70000000	77000000	6859.07
71000000	77000000	17652.09
72000000	77000000	23858.79
73000000	77000000	15473.728
74000000	77000000	39661.402
75000000	77000000	84237.83
76000000	77000000	193889.47
77000000	77000000	1095781.9
0	78000000	6664.6655
1000000	78000000	6458.477
2000000	78000000	5282.8887
3000000	78000000	5103.7935
4000000	78000000	5857.4272
5000000	78000000	4783.094
6000000	78000000	5319.344
7000000	78000000	5748.116
8000000	78000000	4261.4194
9000000	78000000	2394.9148
10000000	78000000	1302.6293
11000000	78000000	765.0597
12000000	78000000	1071.3483
13000000	78000000	710.867
14000000	78000000	665.5069
15000000	78000000	1404.3606
16000000	78000000	2911.2083
17000000	78000000	3657.8674
18000000	78000000	3497.6748
19000000	78000000	2582.7805
20000000	78000000	1831.1604
21000000	78000000	1140.2203
22000000	78000000	775.5692
25000000	78000000	1823.359
26000000	78000000	3803.3267
27000000	78000000	5260.279
28000000	78000000	3796.7598
29000000	78000000	4026.8174
30000000	78000000	4438.4927
31000000	78000000	3006.9277
32000000	78000000	2977.8108
33000000	78000000	3716.8933
34000000	78000000	4192.178
35000000	78000000	5411.8604
36000000	78000000	5985.6826
37000000	78000000	6128.3413
38000000	78000000	5157.0405
39000000	78000000	5642.7793
40000000	78000000	6537.519
41000000	78000000	7477.7803
42000000	78000000	8042.358
43000000	78000000	7165.436
44000000	78000000	5864.368
45000000	78000000	6036.2417
46000000	78000000	4880.945
47000000	78000000	6221.6187
48000000	78000000	6126.3765
49000000	78000000	2927.8635
50000000	78000000	1356.0355
51000000	78000000	1135.4993
52000000	78000000	1232.2823
53000000	78000000	2340.2224
54000000	78000000	2701.3384
55000000	78000000	3787.1873
56000000	78000000	5095.762
57000000	78000000	5120.2754
58000000	78000000	4230.075
59000000	78000000	3451.6235
60000000	78000000	4191.309
61000000	78000000	5123.2305
62000000	78000000	5896.0986
63000000	78000000	4143.1206
64000000	78000000	3941.1404
65000000	78000000	5330.313
66000000	78000000	4874.1665
67000000	78000000	3758.9739
68000000	78000000	3202.4595
69000000	78000000	3431.0002
70000000	78000000	4781.6343
71000000	78000000	8316.321
72000000	78000000	15028.825
73000000	78000000	17810.326
74000000	78000000	29806.3
75000000	78000000	39600.99
76000000	78000000	62329.594
77000000	78000000	201711.33
78000000	78000000	1149644.5
0	79000000	7350.082
1000000	79000000	9432.713
2000000	79000000	5999.8477
3000000	79000000	4997.6753
4000000	79000000	7624.1055
5000000	79000000	4395.6284
6000000	79000000	4514.1377
7000000	79000000	9340.009
8000000	79000000	4659.4604
9000000	79000000	1712.0651
10000000	79000000	1041.0476
11000000	79000000	646.8151
12000000	79000000	811.77203
13000000	79000000	558.70825
14000000	79000000	594.4934
15000000	79000000	1104.7742
16000000	79000000	2560.9312
17000000	79000000	3477.5989
18000000	79000000	3418.0212
19000000	79000000	1980.5536
20000000	79000000	1409.5931
21000000	79000000	963.7065
22000000	79000000	705.658
25000000	79000000	1496.9846
26000000	79000000	3732.4006
27000000	79000000	5990.393
28000000	79000000	3377.5376
29000000	79000000	3652.7627
30000000	79000000	3658.7734
31000000	79000000	2051.554
32000000	79000000	1867.3107
33000000	79000000	2759.921
34000000	79000000	3539.759
35000000	79000000	4204.781
36000000	79000000	6742.0464
37000000	79000000	6229.6416
38000000	79000000	5228.473
39000000	79000000	4578.076
40000000	79000000	8505.841
41000000	79000000	7600.7295
42000000	79000000	9076.338
43000000	79000000	6771.353
44000000	79000000	4367.877
45000000	79000000	5356.401
46000000	79000000	4516.5566
47000000	79000000	5560.0366
48000000	79000000	5774.858
49000000	79000000	2304.2737
50000000	79000000	1024.127
51000000	79000000	802.5301
52000000	79000000	880.5583
53000000	79000000	1738.1759
54000000	79000000	1872.7572
55000000	79000000	3093.0603
56000000	79000000	4618.8906
57000000	79000000	4460.1416
58000000	79000000	3418.8086
59000000	79000000	2633.2725
60000000	79000000	3156.223
61000000	79000000	4571.481
62000000	79000000	5563.0977
63000000	79000000	3155.475
64000000	79000000	2931.5146
65000000	79000000	4375.9575
66000000	79000000	3821.3508
67000000	79000000	2843.2346
68000000	79000000	2480.2756
69000000	79000000	2485.6104
70000000	79000000	3511.723
71000000	79000000	5851.149
72000000	79000000	11733.412
73000000	79000000	22506.248
74000000	79000000	26535.568
75000000	79000000	26680.947
76000000	79000000	39293.29
77000000	79000000	65763.04
78000000	79000000	237482.06
79000000	79000000	1151868.8
0	80000000	19127.178
1000000	80000000	11660.989
2000000	80000000	6456.2227
3000000	80000000	5294.587
4000000	80000000	6846.4673
5000000	80000000	4269.5713
6000000	80000000	4207.851
7000000	80000000	7229.803
8000000	80000000	4236.4194
9000000	80000000	1955.2207
10000000	80000000	1258.9866
11000000	80000000	838.09937
12000000	80000000	1035.0358
13000000	80000000	706.0297
14000000	80000000	788.36707
15000000	80000000	1351.482
16000000	80000000	2825.4995
17000000	80000000	3315.0457
18000000	80000000	3615.0413
19000000	80000000	2209.6243
20000000	80000000	1674.755
21000000	80000000	1289.7267
22000000	80000000	938.6728
25000000	80000000	2020.9796
26000000	80000000	3870.543
27000000	80000000	5267.1772
28000000	80000000	3466.5366
29000000	80000000	3660.4255
30000000	80000000	3628.7625
31000000	80000000	1994.1157
32000000	80000000	1816.7123
33000000	80000000	2859.0642
34000000	80000000	3222.0955
35000000	80000000	3859.4358
36000000	80000000	5582.8647
37000000	80000000	5614.4893
38000000	80000000	4887.1177
39000000	80000000	3845.055
40000000	80000000	7553.414
41000000	80000000	6905.4536
42000000	80000000	7379.231
43000000	80000000	5735.906
44000000	80000000	4271.927
45000000	80000000	4970.857
46000000	80000000	4085.398
47000000	80000000	4972.713
48000000	80000000	5203.8047
49000000	80000000	2604.1052
50000000	80000000	1095.5773
51000000	80000000	990.26465
52000000	80000000	1178.3933
53000000	80000000	2102.3213
54000000	80000000	2116.7034
55000000	80000000	3215.905
56000000	80000000	4492.566
57000000	80000000	4585.007
58000000	80000000	3735.4507
59000000	80000000	2711.7134
60000000	80000000	3405.094
61000000	80000000	4446.143
62000000	80000000	5416.068
63000000	80000000	3289.0767
64000000	80000000	3000.2358
65000000	80000000	4693.618
66000000	80000000	4128.383
67000000	80000000	3131.5454
68000000	80000000	2628.4453
69000000	80000000	2633.0823
70000000	80000000	3711.6094
71000000	80000000	5355.0444
72000000	80000000	9694.008
73000000	80000000	16114.314
74000000	80000000	15728.0625
75000000	80000000	14768.629
76000000	80000000	19576.654
77000000	80000000	21848.277
78000000	80000000	37362.098
79000000	80000000	213536.14
80000000	80000000	1072816.5
0	81000000	22459.18
1000000	81000000	5313.621
2000000	81000000	3107.8635
3000000	81000000	2993.8064
4000000	81000000	2776.9385
5000000	81000000	2638.6255
6000000	81000000	2876.4478
7000000	81000000	2686.9365
8000000	81000000	1833.2468
9000000	81000000	1440.6116
10000000	81000000	981.87494
11000000	81000000	810.88495
12000000	81000000	908.5024
13000000	81000000	724.26404
14000000	81000000	615.85077
15000000	81000000	1203.8424
16000000	81000000	1552.4443
17000000	81000000	1738.8542
18000000	81000000	1845.5319
19000000	81000000	1468.5376
20000000	81000000	1038.0906
21000000	81000000	1219.5709
22000000	81000000	989.26337
25000000	81000000	1383.8297
26000000	81000000	2016.2714
27000000	81000000	2251.354
28000000	81000000	1471.3738
29000000	81000000	1624.6798
30000000	81000000	1761.8225
31000000	81000000	1663.0603
32000000	81000000	1738.3599
33000000	81000000	1699.3339
34000000	81000000	1885.7225
35000000	81000000	2240.0173
36000000	81000000	2517.2505
37000000	81000000	2671.413
38000000	81000000	2134.1633
39000000	81000000	2702.6953
40000000	81000000	2463.5605
41000000	81000000	3931.7405
42000000	81000000	3370.5793
43000000	81000000	2820.3972
44000000	81000000	2472.2893
45000000	81000000	2268.773
46000000	81000000	1881.1006
47000000	81000000	2413.272
48000000	81000000	2809.3582
49000000	81000000	1890.4474
50000000	81000000	1065.9574
51000000	81000000	1014.2208
52000000	81000000	1046.8197
53000000	81000000	1463.5334
54000000	81000000	1713.2612
55000000	81000000	1951.3871
56000000	81000000	2349.3538
57000000	81000000	2118.916
58000000	81000000	1946.0729
59000000	81000000	1896.5289
60000000	81000000	2031.9354
61000000	81000000	2591.0889
62000000	81000000	2570.7744
63000000	81000000	2400.657
64000000	81000000	2272.7397
65000000	81000000	2635.2983
66000000	81000000	2610.722
67000000	81000000	2112.4739
68000000	81000000	2132.5378
69000000	81000000	2383.118
70000000	81000000	2827.8481
71000000	81000000	4501.4565
72000000	81000000	6380.0093
73000000	81000000	5731.515
74000000	81000000	7203.256
75000000	81000000	8765.1455
76000000	81000000	9201.151
77000000	81000000	15400.041
78000000	81000000	17568.363
79000000	81000000	33691.086
80000000	81000000	400708.2
81000000	81000000	1425031.0
