0	0	820055.5
0	1000000	144178.28
1000000	1000000	739155.0
0	2000000	78154.38
1000000	2000000	141218.88
2000000	2000000	711995.75
0	3000000	28470.932
1000000	3000000	28490.871
2000000	3000000	178543.45
3000000	3000000	735147.94
0	4000000	15808.627
1000000	4000000	20638.773
2000000	4000000	34574.734
3000000	4000000	147198.62
4000000	4000000	859733.1
0	5000000	23285.88
1000000	5000000	34196.652
2000000	5000000	34229.38
3000000	5000000	75474.74
4000000	5000000	147130.92
5000000	5000000	585414.94
0	6000000	21841.486
1000000	6000000	30506.314
2000000	6000000	26779.014
3000000	6000000	35817.145
4000000	6000000	38212.65
5000000	6000000	222945.94
6000000	6000000	625738.56
0	7000000	18807.3
1000000	7000000	32409.676
2000000	7000000	17755.453
3000000	7000000	18535.15
4000000	7000000	23477.373
5000000	7000000	61137.527
6000000	7000000	128828.67
7000000	7000000	657970.56
0	8000000	18197.543
1000000	8000000	18627.674
2000000	8000000	17248.31
3000000	8000000	19550.164
4000000	8000000	17067.969
5000000	8000000	39946.965
6000000	8000000	62823.95
7000000	8000000	187551.47
8000000	8000000	615096.9
0	9000000	14488.958
1000000	9000000	8154.7134
2000000	9000000	16066.777
3000000	9000000	17589.984
4000000	9000000	14383.355
5000000	9000000	17643.959
6000000	9000000	24822.574
7000000	9000000	34025.875
8000000	9000000	178072.72
9000000	9000000	766517.3
0	10000000	12266.2
1000000	10000000	9594.768
2000000	10000000	11559.761
3000000	10000000	12469.313
4000000	10000000	10787.553
5000000	10000000	15983.139
6000000	10000000	19513.158
7000000	10000000	26074.43
8000000	10000000	50700.508
9000000	10000000	144200.92
10000000	10000000	700430.6
0	11000000	12537.313
1000000	11000000	10629.157
2000000	11000000	11647.766
3000000	11000000	12794.537
4000000	11000000	10325.702
5000000	11000000	16284.025
6000000	11000000	19016.166
7000000	11000000	22999.557
8000000	11000000	36297.562
9000000	11000000	63484.72
10000000	11000000	261065.72
11000000	11000000	662022.9
0	12000000	14365.706
1000000	12000000	8589.033
2000000	12000000	13979.593
3000000	12000000	13336.265
4000000	12000000	8443.4795
5000000	12000000	12506.158
6000000	12000000	14021.822
7000000	12000000	14904.372
8000000	12000000	23790.322
9000000	12000000	38704.656
10000000	12000000	53622.1
11000000	12000000	146900.48
12000000	12000000	780092.8
0	13000000	16908.242
1000000	13000000	10760.401
2000000	13000000	14215.325
3000000	13000000	12218.966
4000000	13000000	9266.219
5000000	13000000	13717.945
6000000	13000000	15973.812
7000000	13000000	16876.6
8000000	13000000	22723.701
9000000	13000000	24572.553
10000000	13000000	24894.832
11000000	13000000	36536.074
12000000	13000000	153530.66
13000000	13000000	706552.8
0	14000000	14579.803
1000000	14000000	19888.941
2000000	14000000	10029.587
3000000	14000000	8027.767
4000000	14000000	10045.536
5000000	14000000	15154.617
6000000	14000000	17716.969
7000000	14000000	27415.7
8000000	14000000	18544.234
9000000	14000000	11181.946
10000000	14000000	13830.454
11000000	14000000	18433.91
12000000	14000000	27607.674
13000000	14000000	162977.84
14000000	14000000	663589.5
0	15000000	7304.331
1000000	15000000	14580.554
2000000	15000000	4755.7446
3000000	15000000	3502.0488
4000000	15000000	7814.0825
5000000	15000000	8233.0205
6000000	15000000	9669.785
7000000	15000000	19356.762
8000000	15000000	8429.114
9000000	15000000	4389.531
10000000	15000000	5678.636
11000000	15000000	7165.2783
12000000	15000000	8412.228
13000000	15000000	27764.871
14000000	15000000	209985.19
15000000	15000000	1006155.0
0	18000000	13188.687
1000000	18000000	10781.402
2000000	18000000	8213.863
3000000	18000000	6420.121
4000000	18000000	6656.66
5000000	18000000	9094.181
6000000	18000000	10533.603
7000000	18000000	12860.954
8000000	18000000	10451.535
9000000	18000000	7989.865
10000000	18000000	7917.9414
11000000	18000000	9024.893
12000000	18000000	11974.455
13000000	18000000	24979.238
14000000	18000000	45354.062
15000000	18000000	58548.83
18000000	18000000	737779.75
0	19000000	12125.138
1000000	19000000	9154.63
2000000	19000000	9874.378
3000000	19000000	8219.578
4000000	19000000	5950.0903
5000000	19000000	9855.789
6000000	19000000	10569.077
7000000	19000000	10650.567
8000000	19000000	11410.597
9000000	19000000	9934.775
10000000	19000000	9803.511
11000000	19000000	11453.963
12000000	19000000	15539.316
13000000	19000000	22061.398
14000000	19000000	17829.838
15000000	19000000	8139.5015
18000000	19000000	180440.11
19000000	19000000	634428.25
0	20000000	8696.389
1000000	20000000	6150.399
2000000	20000000	8412.324
3000000	20000000	8276.21
4000000	20000000	5981.0356
5000000	20000000	7108.1304
6000000	20000000	7888.1553
7000000	20000000	7340.951
8000000	20000000	8865.677
9000000	20000000	9534.118
10000000	20000000	9171.933
11000000	20000000	10241.79
12000000	20000000	13609.613
13000000	20000000	15570.529
14000000	20000000	10191.76
15000000	20000000	4659.202
18000000	20000000	46124.164
19000000	20000000	135002.12
20000000	20000000	709394.06
0	21000000	8325.035
1000000	21000000	5011.4004
2000000	21000000	8981.403
3000000	21000000	9470.957
4000000	21000000	6599.926
5000000	21000000	7257.743
6000000	21000000	7551.219
7000000	21000000	6043.597
8000000	21000000	8334.184
9000000	21000000	9805.8
10000000	21000000	9190.203
11000000	21000000	10035.334
12000000	21000000	12897.237
13000000	21000000	13149.783
14000000	21000000	6868.8115
15000000	21000000	2808.821
18000000	21000000	21344.66
19000000	21000000	44453.883
20000000	21000000	166459.42
21000000	21000000	701418.56
0	22000000	8037.448
1000000	22000000	9621.596
2000000	22000000	6807.118
3000000	22000000	6977.0225
4000000	22000000	5830.3525
5000000	22000000	10761.125
6000000	22000000	10665.829
7000000	22000000	10749.076
8000000	22000000	9653.692
9000000	22000000	5759.5864
10000000	22000000	7566.4067
11000000	22000000	8933.771
12000000	22000000	7787.614
13000000	22000000	9450.108
14000000	22000000	10098.705
15000000	22000000	5649.96
18000000	22000000	19900.69
19000000	22000000	31492.66
20000000	22000000	36767.957
21000000	22000000	115851.875
22000000	22000000	612273.4
0	23000000	7992.0576
1000000	23000000	6974.9136
2000000	23000000	8198.707
3000000	23000000	8095.2427
4000000	23000000	6831.039
5000000	23000000	7880.8643
6000000	23000000	8002.017
7000000	23000000	7107.114
8000000	23000000	7487.827
9000000	23000000	7143.168
10000000	23000000	6816.3364
11000000	23000000	7315.7104
12000000	23000000	7827.9043
13000000	23000000	9130.32
14000000	23000000	7495.551
15000000	23000000	3567.4841
18000000	23000000	15499.682
19000000	23000000	22890.275
20000000	23000000	25741.238
21000000	23000000	47378.367
22000000	23000000	162147.73
23000000	23000000	595728.6
0	24000000	7646.5894
1000000	24000000	7582.0825
2000000	24000000	7075.9053
3000000	24000000	6943.6284
4000000	24000000	5831.2944
5000000	24000000	7518.76
6000000	24000000	7687.571
7000000	24000000	7153.733
8000000	24000000	6688.4795
9000000	24000000	5327.15
10000000	24000000	5328.3774
11000000	24000000	5761.022
12000000	24000000	5814.4907
13000000	24000000	7522.789
14000000	24000000	7252.1333
15000000	24000000	3857.6152
18000000	24000000	13202.889
19000000	24000000	17046.684
20000000	24000000	17290.246
21000000	24000000	24921.615
22000000	24000000	49490.414
23000000	24000000	181443.17
24000000	24000000	606670.9
0	25000000	6589.2925
1000000	25000000	11132.58
2000000	25000000	5594.841
3000000	25000000	4296.898
4000000	25000000	5036.745
5000000	25000000	7402.9795
6000000	25000000	7962.0967
7000000	25000000	9828.162
8000000	25000000	5834.6284
9000000	25000000	3123.118
10000000	25000000	3775.5557
11000000	25000000	4243.2446
12000000	25000000	3636.8853
13000000	25000000	5592.7554
14000000	25000000	10154.164
15000000	25000000	7829.9624
18000000	25000000	13415.208
19000000	25000000	13061.784
20000000	25000000	11269.644
21000000	25000000	12796.952
22000000	25000000	31462.541
23000000	25000000	40809.48
24000000	25000000	137988.31
25000000	25000000	594349.8
0	26000000	6024.7827
1000000	26000000	11125.454
2000000	26000000	5425.46
3000000	26000000	4198.9814
4000000	26000000	5052.884
5000000	26000000	6952.2495
6000000	26000000	7182.3706
7000000	26000000	9241.597
8000000	26000000	5146.551
9000000	26000000	2864.6826
10000000	26000000	3475.6655
11000000	26000000	4022.469
12000000	26000000	3403.5532
13000000	26000000	4945.8237
14000000	26000000	9548.999
15000000	26000000	8179.3345
18000000	26000000	11463.688
19000000	26000000	10654.374
20000000	26000000	9404.847
21000000	26000000	9890.679
22000000	26000000	21075.04
23000000	26000000	22708.33
24000000	26000000	44045.105
25000000	26000000	176515.77
26000000	26000000	607180.5
0	27000000	5807.499
1000000	27000000	11162.102
2000000	27000000	5362.0054
3000000	27000000	3916.008
4000000	27000000	4155.9893
5000000	27000000	6616.2183
6000000	27000000	7013.975
7000000	27000000	8088.145
8000000	27000000	4893.9556
9000000	27000000	2638.9358
10000000	27000000	3264.468
11000000	27000000	3850.3738
12000000	27000000	3267.2656
13000000	27000000	4431.7393
14000000	27000000	8253.888
15000000	27000000	6561.757
18000000	27000000	9923.195
19000000	27000000	9581.128
20000000	27000000	8024.547
21000000	27000000	8591.031
22000000	27000000	17514.246
23000000	27000000	17000.111
24000000	27000000	28914.58
25000000	27000000	65738.23
26000000	27000000	154743.05
27000000	27000000	603244.5
0	28000000	6315.7026
1000000	28000000	8607.532
2000000	28000000	6432.2256
3000000	28000000	5106.0117
4000000	28000000	4815.597
5000000	28000000	6321.886
6000000	28000000	6521.495
7000000	28000000	6090.3804
8000000	28000000	5224.4688
9000000	28000000	3664.7395
10000000	28000000	3797.302
11000000	28000000	4437.215
12000000	28000000	4154.712
13000000	28000000	5104.817
14000000	28000000	6267.8496
15000000	28000000	3553.5588
18000000	28000000	8886.869
19000000	28000000	9846.019
20000000	28000000	8941.425
21000000	28000000	9818.232
22000000	28000000	14887.041
23000000	28000000	16107.531
24000000	28000000	23182.469
25000000	28000000	32774.004
26000000	28000000	46655.246
27000000	28000000	145043.77
28000000	28000000	603587.9
0	29000000	7834.426
1000000	29000000	5235.8677
2000000	29000000	8078.328
3000000	29000000	7350.9253
4000000	29000000	5783.3184
5000000	29000000	5209.687
6000000	29000000	5575.909
7000000	29000000	4149.792
8000000	29000000	5142.147
9000000	29000000	6229.15
10000000	29000000	4950.514
11000000	29000000	5271.8105
12000000	29000000	6501.0557
13000000	29000000	6871.039
14000000	29000000	4419.5796
15000000	29000000	1759.02
18000000	29000000	8043.359
19000000	29000000	10828.572
20000000	29000000	11297.0205
21000000	29000000	13209.567
22000000	29000000	11474.293
23000000	29000000	17146.97
24000000	29000000	18289.426
25000000	29000000	16463.232
26000000	29000000	20326.701
27000000	29000000	36876.453
28000000	29000000	157024.19
29000000	29000000	671069.5
0	30000000	6499.811
1000000	30000000	9811.36
2000000	30000000	6108.0356
3000000	30000000	4397.6255
4000000	30000000	3912.0183
5000000	30000000	6984.674
6000000	30000000	7150.0225
7000000	30000000	6664.197
8000000	30000000	5371.377
9000000	30000000	3157.7583
10000000	30000000	3820.4387
11000000	30000000	4581.641
12000000	30000000	3942.6514
13000000	30000000	4890.093
14000000	30000000	6249.8154
15000000	30000000	3595.1633
18000000	30000000	7945.61
19000000	30000000	9428.907
20000000	30000000	7846.966
21000000	30000000	8315.134
22000000	30000000	15000.422
23000000	30000000	12467.848
24000000	30000000	16164.316
25000000	30000000	20481.678
26000000	30000000	25459.281
27000000	30000000	39794.707
28000000	30000000	57053.39
29000000	30000000	126995.695
30000000	30000000	594039.06
0	31000000	6052.4785
1000000	31000000	7830.7817
2000000	31000000	5902.6616
3000000	31000000	5040.8394
4000000	31000000	5654.7993
5000000	31000000	5939.218
6000000	31000000	5912.9307
7000000	31000000	5530.704
8000000	31000000	4802.191
9000000	31000000	3599.5583
10000000	31000000	3769.4873
11000000	31000000	4340.2686
12000000	31000000	3748.5205
13000000	31000000	4778.653
14000000	31000000	5608.5176
15000000	31000000	3345.9668
18000000	31000000	7380.4824
19000000	31000000	8235.945
20000000	31000000	7394.08
21000000	31000000	7864.8584
22000000	31000000	10761.266
23000000	31000000	10690.765
24000000	31000000	12974.532
25000000	31000000	15041.643
26000000	31000000	17755.727
27000000	31000000	23537.13
28000000	31000000	29029.887
29000000	31000000	32082.896
30000000	31000000	125221.04
31000000	31000000	653755.44
0	32000000	6533.569
1000000	32000000	6030.211
2000000	32000000	6141.0176
3000000	32000000	5427.12
4000000	32000000	4738.664
5000000	32000000	5551.316
6000000	32000000	5430.7637
7000000	32000000	4678.917
8000000	32000000	5015.441
9000000	32000000	4582.317
10000000	32000000	4304.5176
11000000	32000000	4755.6084
12000000	32000000	4884.1724
13000000	32000000	5920.673
14000000	32000000	5194.616
15000000	32000000	2722.2488
18000000	32000000	7404.02
19000000	32000000	8862.088
20000000	32000000	8420.008
21000000	32000000	9416.064
22000000	32000000	10323.958
23000000	32000000	11103.751
24000000	32000000	12130.999
25000000	32000000	11974.18
26000000	32000000	13200.45
27000000	32000000	16029.189
28000000	32000000	19934.623
29000000	32000000	25104.725
30000000	32000000	46239.33
31000000	32000000	146757.56
32000000	32000000	590391.0
0	33000000	5823.34
1000000	33000000	3058.0413
2000000	33000000	6040.1826
3000000	33000000	6124.678
4000000	33000000	5043.8545
5000000	33000000	3798.7727
6000000	33000000	4144.298
7000000	33000000	3224.9648
8000000	33000000	4784.64
9000000	33000000	6233.033
10000000	33000000	5009.2363
11000000	33000000	5157.339
12000000	33000000	6594.6436
13000000	33000000	6820.0615
14000000	33000000	3746.4744
15000000	33000000	1539.3417
18000000	33000000	6083.9146
19000000	33000000	8509.807
20000000	33000000	9511.608
21000000	33000000	11406.911
22000000	33000000	7698.6045
23000000	33000000	10586.403
24000000	33000000	9605.546
25000000	33000000	6864.8276
26000000	33000000	7173.233
27000000	33000000	7520.463
28000000	33000000	11371.62
29000000	33000000	19827.441
30000000	33000000	15651.498
31000000	33000000	28708.988
32000000	33000000	157105.61
33000000	33000000	688214.44
0	34000000	6546.8374
1000000	34000000	5331.335
2000000	34000000	5512.82
3000000	34000000	5368.001
4000000	34000000	4506.499
5000000	34000000	5450.439
6000000	34000000	5909.5054
7000000	34000000	5572.845
8000000	34000000	5755.11
9000000	34000000	4819.3228
10000000	34000000	4776.262
11000000	34000000	5103.8975
12000000	34000000	5311.6567
13000000	34000000	6882.06
14000000	34000000	6191.2607
15000000	34000000	3037.0776
18000000	34000000	8433.248
19000000	34000000	10197.907
20000000	34000000	9200.545
21000000	34000000	10271.898
22000000	34000000	11423.114
23000000	34000000	11298.863
24000000	34000000	11603.063
25000000	34000000	10555.609
26000000	34000000	10318.826
27000000	34000000	11189.767
28000000	34000000	13357.389
29000000	34000000	16893.99
30000000	34000000	19439.701
31000000	34000000	25293.488
32000000	34000000	50917.35
33000000	34000000	177934.06
34000000	34000000	529500.25
0	35000000	5138.4106
1000000	35000000	7517.831
2000000	35000000	3692.7405
3000000	35000000	2872.957
4000000	35000000	3200.5913
5000000	35000000	5092.2344
6000000	35000000	5815.4966
7000000	35000000	6884.246
8000000	35000000	4472.326
9000000	35000000	2227.367
10000000	35000000	2909.6248
11000000	35000000	3168.2463
12000000	35000000	2628.3806
13000000	35000000	4577.425
14000000	35000000	8585.228
15000000	35000000	6669.6484
18000000	35000000	8109.8257
19000000	35000000	7448.12
20000000	35000000	5373.132
21000000	35000000	5215.3984
22000000	35000000	9561.931
23000000	35000000	7235.2197
24000000	35000000	8668.992
25000000	35000000	12199.443
26000000	35000000	12437.172
27000000	35000000	12464.904
28000000	35000000	10946.025
29000000	35000000	8687.106
30000000	35000000	16976.91
31000000	35000000	17019.568
32000000	35000000	20902.707
33000000	35000000	20947.72
34000000	35000000	107775.13
35000000	35000000	527631.9
0	36000000	4855.31
1000000	36000000	6149.224
2000000	36000000	3905.4092
3000000	36000000	3667.993
4000000	36000000	4773.3687
5000000	36000000	4509.3774
6000000	36000000	4857.731
7000000	36000000	5341.1265
8000000	36000000	3629.158
9000000	36000000	2807.2578
10000000	36000000	2707.2197
11000000	36000000	2831.1973
12000000	36000000	2574.4104
13000000	36000000	4423.79
14000000	36000000	7227.863
15000000	36000000	5918.2026
18000000	36000000	7904.986
19000000	36000000	6338.8677
20000000	36000000	5318.386
21000000	36000000	5007.384
22000000	36000000	6912.425
23000000	36000000	6701.5093
24000000	36000000	7775.7534
25000000	36000000	10424.683
26000000	36000000	11060.324
27000000	36000000	10083.646
28000000	36000000	10332.935
29000000	36000000	9025.891
30000000	36000000	12174.69
31000000	36000000	15277.189
32000000	36000000	17796.135
33000000	36000000	17741.012
34000000	36000000	41378.227
35000000	36000000	199954.47
36000000	36000000	635252.6
0	37000000	4283.2407
1000000	37000000	7704.944
2000000	37000000	3487.9097
3000000	37000000	2929.925
4000000	37000000	3724.439
5000000	37000000	4560.008
6000000	37000000	4736.6685
7000000	37000000	6269.788
8000000	37000000	3521.2705
9000000	37000000	1952.2875
10000000	37000000	2318.178
11000000	37000000	2633.1707
12000000	37000000	2301.5203
13000000	37000000	3559.2097
14000000	37000000	7157.729
15000000	37000000	5948.212
18000000	37000000	6535.5117
19000000	37000000	5799.8745
20000000	37000000	4652.5938
21000000	37000000	4274.264
22000000	37000000	7611.2695
23000000	37000000	6124.2544
24000000	37000000	7640.5737
25000000	37000000	12136.414
26000000	37000000	13655.933
27000000	37000000	14013.619
28000000	37000000	10972.312
29000000	37000000	7654.3687
30000000	37000000	14505.319
31000000	37000000	15436.147
32000000	37000000	15538.303
33000000	37000000	12552.81
34000000	37000000	38043.67
35000000	37000000	124629.016
36000000	37000000	149378.39
37000000	37000000	570719.9
0	38000000	4653.6157
1000000	38000000	7650.7256
2000000	38000000	4274.101
3000000	38000000	3426.2505
4000000	38000000	3507.3745
5000000	38000000	5021.037
6000000	38000000	4995.826
7000000	38000000	5845.4023
8000000	38000000	3833.8406
9000000	38000000	2180.8352
10000000	38000000	2609.357
11000000	38000000	3009.1255
12000000	38000000	2547.1433
13000000	38000000	3401.539
14000000	38000000	5566.0063
15000000	38000000	4117.0303
18000000	38000000	5944.1416
19000000	38000000	6315.0605
20000000	38000000	5154.489
21000000	38000000	5049.5273
22000000	38000000	8282.767
23000000	38000000	6907.0825
24000000	38000000	8203.337
25000000	38000000	11729.064
26000000	38000000	13467.778
27000000	38000000	14598.1045
28000000	38000000	12155.2705
29000000	38000000	8596.91
30000000	38000000	16140.07
31000000	38000000	16071.109
32000000	38000000	15760.491
33000000	38000000	11467.892
34000000	38000000	29459.068
35000000	38000000	51224.566
36000000	38000000	46824.094
37000000	38000000	138431.78
38000000	38000000	606298.7
0	39000000	5557.116
1000000	39000000	5956.2495
2000000	39000000	5098.889
3000000	39000000	4576.7383
4000000	39000000	4372.409
5000000	39000000	4860.428
6000000	39000000	5034.6777
7000000	39000000	4737.0625
8000000	39000000	4338.47
9000000	39000000	2983.1238
10000000	39000000	3318.5996
11000000	39000000	3741.4316
12000000	39000000	3342.7732
13000000	39000000	4502.3745
14000000	39000000	4904.337
15000000	39000000	2300.377
18000000	39000000	6269.7515
19000000	39000000	7528.904
20000000	39000000	6754.4243
21000000	39000000	6839.425
22000000	39000000	9061.291
23000000	39000000	8283.148
24000000	39000000	9257.843
25000000	39000000	9516.329
26000000	39000000	9569.211
27000000	39000000	10663.641
28000000	39000000	11546.947
29000000	39000000	10959.792
30000000	39000000	14124.239
31000000	39000000	14407.191
32000000	39000000	16491.209
33000000	39000000	15463.319
34000000	39000000	32089.246
35000000	39000000	38002.914
36000000	39000000	32376.496
37000000	39000000	57574.53
38000000	39000000	137335.2
39000000	39000000	511466.88
0	40000000	4656.318
1000000	40000000	7174.491
2000000	40000000	4425.4854
3000000	40000000	3229.8904
4000000	40000000	2990.1028
5000000	40000000	5061.069
6000000	40000000	4869.3105
7000000	40000000	4920.2617
8000000	40000000	3835.1516
9000000	40000000	2108.6194
10000000	40000000	2684.333
11000000	40000000	3181.6133
12000000	40000000	2635.5864
13000000	40000000	3422.5193
14000000	40000000	4714.4443
15000000	40000000	2834.917
18000000	40000000	5537.9375
19000000	40000000	6496.238
20000000	40000000	5217.3276
21000000	40000000	5211.758
22000000	40000000	9266.991
23000000	40000000	7117.243
24000000	40000000	8700.767
25000000	40000000	10808.739
26000000	40000000	11131.405
27000000	40000000	12658.544
28000000	40000000	11709.291
29000000	40000000	8151.702
30000000	40000000	15312.376
31000000	40000000	14025.82
32000000	40000000	13167.769
33000000	40000000	8813.752
34000000	40000000	16536.568
35000000	40000000	19801.146
36000000	40000000	16687.877
37000000	40000000	27111.688
38000000	40000000	46756.24
39000000	40000000	163434.95
40000000	40000000	617902.56
0	41000000	4411.149
1000000	41000000	7143.316
2000000	41000000	3979.8684
3000000	41000000	2848.4807
4000000	41000000	2647.924
5000000	41000000	4947.772
6000000	41000000	5061.874
7000000	41000000	5191.383
8000000	41000000	3845.6318
9000000	41000000	1891.6658
10000000	41000000	2636.6384
11000000	41000000	3301.8857
12000000	41000000	2518.9995
13000000	41000000	3218.683
14000000	41000000	4592.9155
15000000	41000000	2821.0623
18000000	41000000	5422.659
19000000	41000000	6153.3086
20000000	41000000	5058.4175
21000000	41000000	5179.0835
22000000	41000000	9729.55
23000000	41000000	7048.2847
24000000	41000000	8378.49
25000000	41000000	10239.308
26000000	41000000	10891.196
27000000	41000000	11982.419
28000000	41000000	10649.769
29000000	41000000	7507.8735
30000000	41000000	15058.701
31000000	41000000	12494.102
32000000	41000000	11093.798
33000000	41000000	6976.102
34000000	41000000	13563.336
35000000	41000000	16250.941
36000000	41000000	12828.559
37000000	41000000	19528.264
38000000	41000000	28969.354
39000000	41000000	52108.4
40000000	41000000	116796.68
41000000	41000000	583062.5
0	42000000	4974.219
1000000	42000000	3743.3652
2000000	42000000	4823.344
3000000	42000000	4903.3105
4000000	42000000	4136.223
5000000	42000000	4154.551
6000000	42000000	4318.405
7000000	42000000	3580.4397
8000000	42000000	4075.2285
9000000	42000000	3781.317
10000000	42000000	3827.112
11000000	42000000	4029.549
12000000	42000000	4136.2764
13000000	42000000	4644.5723
14000000	42000000	3256.8936
15000000	42000000	1342.87
18000000	42000000	4771.0034
19000000	42000000	6869.8306
20000000	42000000	7064.032
21000000	42000000	8387.7
22000000	42000000	8063.3047
23000000	42000000	8554.565
24000000	42000000	8359.157
25000000	42000000	6046.779
26000000	42000000	5957.0596
27000000	42000000	6352.823
28000000	42000000	7987.385
29000000	42000000	9913.111
30000000	42000000	9088.496
31000000	42000000	9365.756
32000000	42000000	10844.446
33000000	42000000	11551.635
34000000	42000000	14348.922
35000000	42000000	9697.247
36000000	42000000	9680.379
37000000	42000000	10133.405
38000000	42000000	14710.101
39000000	42000000	30886.537
40000000	42000000	36259.188
41000000	42000000	173454.7
42000000	42000000	692097.4
0	43000000	5798.002
1000000	43000000	3306.2224
2000000	43000000	5271.1196
3000000	43000000	5843.7383
4000000	43000000	4249.7993
5000000	43000000	4476.5464
6000000	43000000	4571.151
7000000	43000000	4040.6978
8000000	43000000	5174.4375
9000000	43000000	5633.4243
10000000	43000000	5451.3677
11000000	43000000	5699.813
12000000	43000000	6554.7085
13000000	43000000	6376.12
14000000	43000000	3523.7375
15000000	43000000	1333.1824
18000000	43000000	5608.077
19000000	43000000	8382.427
20000000	43000000	8677.345
21000000	43000000	10088.528
22000000	43000000	8155.956
23000000	43000000	8494.508
24000000	43000000	7014.26
25000000	43000000	4960.911
26000000	43000000	4649.261
27000000	43000000	4773.4966
28000000	43000000	6089.786
29000000	43000000	9323.067
30000000	43000000	7058.25
31000000	43000000	7016.3003
32000000	43000000	9695.632
33000000	43000000	13207.963
34000000	43000000	14376.848
35000000	43000000	8683.185
36000000	43000000	7944.44
37000000	43000000	7763.2075
38000000	43000000	10469.468
39000000	43000000	20542.2
40000000	43000000	21956.754
41000000	43000000	51778.31
42000000	43000000	94255.84
43000000	43000000	625216.2
0	44000000	4930.6084
1000000	44000000	3452.4998
2000000	44000000	4045.1084
3000000	44000000	5067.0103
4000000	44000000	3981.9016
5000000	44000000	5212.1567
6000000	44000000	4956.57
7000000	44000000	5048.9463
8000000	44000000	5747.1777
9000000	44000000	5379.1646
10000000	44000000	6179.325
11000000	44000000	6764.1313
12000000	44000000	6760.089
13000000	44000000	5856.248
14000000	44000000	3649.6072
15000000	44000000	1595.4933
18000000	44000000	5400.031
19000000	44000000	7830.5464
20000000	44000000	7555.6606
21000000	44000000	8619.305
22000000	44000000	8648.908
23000000	44000000	7124.7383
24000000	44000000	5588.5986
25000000	44000000	4477.886
26000000	44000000	4005.6257
27000000	44000000	4017.3293
28000000	44000000	4590.054
29000000	44000000	6249.3228
30000000	44000000	5893.521
31000000	44000000	5522.5713
32000000	44000000	7363.634
33000000	44000000	9751.294
34000000	44000000	10841.308
35000000	44000000	7727.521
36000000	44000000	6310.8774
37000000	44000000	6398.2163
38000000	44000000	7832.3203
39000000	44000000	11740.732
40000000	44000000	12087.646
41000000	44000000	18282.416
42000000	44000000	25768.008
43000000	44000000	171566.89
44000000	44000000	621508.25
0	45000000	4769.795
1000000	45000000	3562.773
2000000	45000000	3694.5493
3000000	45000000	4662.7275
4000000	45000000	3768.1125
5000000	45000000	5291.436
6000000	45000000	4990.9155
7000000	45000000	5409.705
8000000	45000000	5875.438
9000000	45000000	5096.5815
10000000	45000000	6358.9556
11000000	45000000	7113.4746
12000000	45000000	6649.5854
13000000	45000000	5537.2676
14000000	45000000	3443.926
15000000	45000000	1532.9406
18000000	45000000	4931.6265
19000000	45000000	7828.8354
20000000	45000000	7393.193
21000000	45000000	8330.495
22000000	45000000	9159.994
23000000	45000000	6862.4424
24000000	45000000	5295.147
25000000	45000000	4076.41
26000000	45000000	3665.937
27000000	45000000	3744.5732
28000000	45000000	4358.9683
29000000	45000000	5701.4683
30000000	45000000	5797.873
31000000	45000000	5145.1167
32000000	45000000	6619.9663
33000000	45000000	8451.201
34000000	45000000	9930.076
35000000	45000000	7211.3457
36000000	45000000	5296.897
37000000	45000000	5707.184
38000000	45000000	6953.001
39000000	45000000	9718.99
40000000	45000000	10456.815
41000000	45000000	14291.513
42000000	45000000	18307.215
43000000	45000000	51166.875
44000000	45000000	194295.42
45000000	45000000	635477.1
0	46000000	3877.85
1000000	46000000	1728.0721
2000000	46000000	3956.7583
3000000	46000000	5263.6987
4000000	46000000	4086.001
5000000	46000000	2885.5903
6000000	46000000	3082.323
7000000	46000000	2624.9927
8000000	46000000	3916.5012
9000000	46000000	5745.9
10000000	46000000	5298.3413
11000000	46000000	5324.338
12000000	46000000	6666.969
13000000	46000000	4948.73
14000000	46000000	1776.311
15000000	46000000	714.7925
18000000	46000000	3388.384
19000000	46000000	6032.896
20000000	46000000	7524.0366
21000000	46000000	8517.688
22000000	46000000	4775.9565
23000000	46000000	6017.9414
24000000	46000000	4257.848
25000000	46000000	2486.1582
26000000	46000000	2324.3787
27000000	46000000	2263.5789
28000000	46000000	3516.599
29000000	46000000	6412.0815
30000000	46000000	3419.0703
31000000	46000000	4021.6428
32000000	46000000	5808.629
33000000	46000000	9321.248
34000000	46000000	7875.5903
35000000	46000000	3724.1208
36000000	46000000	3878.131
37000000	46000000	3439.919
38000000	46000000	4197.6577
39000000	46000000	7013.149
40000000	46000000	5470.6514
41000000	46000000	6513.7437
42000000	46000000	13614.171
43000000	46000000	28351.225
44000000	46000000	43450.95
45000000	46000000	129362.92
46000000	46000000	823327.8
0	47000000	4552.2173
1000000	47000000	2438.0627
2000000	47000000	4090.5317
3000000	47000000	5058.947
4000000	47000000	3849.335
5000000	47000000	3929.289
6000000	47000000	3648.886
7000000	47000000	3480.2654
8000000	47000000	4796.9023
9000000	47000000	5454.8325
10000000	47000000	5853.127
11000000	47000000	6187.2764
12000000	47000000	6568.2085
13000000	47000000	5670.9995
14000000	47000000	2709.251
15000000	47000000	1072.2513
18000000	47000000	4381.1616
19000000	47000000	6705.922
20000000	47000000	7283.705
21000000	47000000	8344.917
22000000	47000000	6417.8276
23000000	47000000	6034.913
24000000	47000000	4684.9194
25000000	47000000	3061.7131
26000000	47000000	2933.7083
27000000	47000000	2862.6655
28000000	47000000	3928.077
29000000	47000000	5967.6636
30000000	47000000	4480.9644
31000000	47000000	4550.6416
32000000	47000000	6207.117
33000000	47000000	9091.069
34000000	47000000	8486.878
35000000	47000000	4995.645
36000000	47000000	4421.7803
37000000	47000000	4217.717
38000000	47000000	5118.6016
39000000	47000000	7678.201
40000000	47000000	6832.1772
41000000	47000000	8127.5938
42000000	47000000	12931.623
43000000	47000000	26636.354
44000000	47000000	41328.418
45000000	47000000	75651.28
46000000	47000000	162461.45
47000000	47000000	724827.44
0	48000000	5526.267
1000000	48000000	3607.2432
2000000	48000000	4584.105
3000000	48000000	5017.636
4000000	48000000	3795.4229
5000000	48000000	4581.533
6000000	48000000	4400.5615
7000000	48000000	4152.441
8000000	48000000	4902.4956
9000000	48000000	4747.0522
10000000	48000000	4692.9614
11000000	48000000	5034.9995
12000000	48000000	5526.279
13000000	48000000	5789.399
14000000	48000000	3755.976
15000000	48000000	1711.9429
18000000	48000000	5638.567
19000000	48000000	7606.3457
20000000	48000000	7150.6235
21000000	48000000	8024.9844
22000000	48000000	7459.256
23000000	48000000	7270.595
24000000	48000000	6295.7397
25000000	48000000	4796.63
26000000	48000000	4556.3037
27000000	48000000	4601.2397
28000000	48000000	5592.8765
29000000	48000000	7444.226
30000000	48000000	6312.936
31000000	48000000	6447.6636
32000000	48000000	8110.668
33000000	48000000	9459.208
34000000	48000000	10331.1045
35000000	48000000	6953.713
36000000	48000000	6511.828
37000000	48000000	6200.3394
38000000	48000000	7309.4756
39000000	48000000	10117.557
40000000	48000000	9480.612
41000000	48000000	10832.773
42000000	48000000	15028.331
43000000	48000000	23304.496
44000000	48000000	29182.682
45000000	48000000	38936.777
46000000	48000000	35794.527
47000000	48000000	114820.06
48000000	48000000	605411.0
0	49000000	4304.5967
1000000	49000000	3797.596
2000000	49000000	4060.7698
3000000	49000000	4380.3706
4000000	49000000	6203.189
5000000	49000000	3964.6143
6000000	49000000	3840.6345
7000000	49000000	3859.006
8000000	49000000	3631.9644
9000000	49000000	3083.0322
10000000	49000000	3098.4219
11000000	49000000	3224.0967
12000000	49000000	2899.4128
13000000	49000000	4077.2651
14000000	49000000	4169.069
15000000	49000000	2785.2673
18000000	49000000	5349.29
19000000	49000000	5594.6533
20000000	49000000	5086.2837
21000000	49000000	5124.985
22000000	49000000	5452.7354
23000000	49000000	5736.4805
24000000	49000000	5934.442
25000000	49000000	6123.1177
26000000	49000000	6280.737
27000000	49000000	5701.3047
28000000	49000000	6458.8506
29000000	49000000	6662.391
30000000	49000000	6383.6226
31000000	49000000	8001.9634
32000000	49000000	7828.162
33000000	49000000	7510.5786
34000000	49000000	8993.629
35000000	49000000	7480.127
36000000	49000000	8758.261
37000000	49000000	7749.654
38000000	49000000	8091.1216
39000000	49000000	10077.534
40000000	49000000	9818.05
41000000	49000000	11137.303
42000000	49000000	11974.601
43000000	49000000	12656.089
44000000	49000000	12394.802
45000000	49000000	13569.148
46000000	49000000	13224.937
47000000	49000000	23018.564
48000000	49000000	144428.06
49000000	49000000	674853.94
0	50000000	4102.0684
1000000	50000000	6972.7896
2000000	50000000	3480.4429
3000000	50000000	2555.155
4000000	50000000	2664.265
5000000	50000000	4655.9336
6000000	50000000	4847.949
7000000	50000000	5401.825
8000000	50000000	3641.7988
9000000	50000000	1793.3828
10000000	50000000	2288.782
11000000	50000000	2772.927
12000000	50000000	2234.767
13000000	50000000	3195.7097
14000000	50000000	5249.817
15000000	50000000	3674.234
18000000	50000000	5563.7026
19000000	50000000	5814.5737
20000000	50000000	4358.821
21000000	50000000	4004.767
22000000	50000000	7802.9087
23000000	50000000	5643.995
24000000	50000000	6705.204
25000000	50000000	9314.99
26000000	50000000	9651.747
27000000	50000000	10244.475
28000000	50000000	8715.342
29000000	50000000	5712.013
30000000	50000000	11027.577
31000000	50000000	9553.011
32000000	50000000	7861.855
33000000	50000000	4598.641
34000000	50000000	8349.903
35000000	50000000	10823.059
36000000	50000000	8746.474
37000000	50000000	11597.808
38000000	50000000	13153.045
39000000	50000000	12191.304
40000000	50000000	16718.049
41000000	50000000	19293.197
42000000	50000000	10965.562
43000000	50000000	10132.221
44000000	50000000	11158.286
45000000	50000000	13169.016
46000000	50000000	7971.6353
47000000	50000000	15513.595
48000000	50000000	66076.47
49000000	50000000	180384.73
50000000	50000000	592366.94
0	51000000	4658.826
1000000	51000000	4850.657
2000000	51000000	4399.897
3000000	51000000	3597.2993
4000000	51000000	2920.261
5000000	51000000	3658.4
6000000	51000000	3749.9355
7000000	51000000	3571.77
8000000	51000000	3488.9307
9000000	51000000	2874.0566
10000000	51000000	2745.442
11000000	51000000	2996.9824
12000000	51000000	3184.8098
13000000	51000000	3970.342
14000000	51000000	3758.047
15000000	51000000	1832.9979
18000000	51000000	4949.681
19000000	51000000	6180.5195
20000000	51000000	5635.453
21000000	51000000	5839.5635
22000000	51000000	6719.8228
23000000	51000000	6662.838
24000000	51000000	7056.783
25000000	51000000	6688.428
26000000	51000000	6915.669
27000000	51000000	7580.3276
28000000	51000000	8142.178
29000000	51000000	8257.124
30000000	51000000	8868.822
31000000	51000000	8694.735
32000000	51000000	8457.272
33000000	51000000	6813.0703
34000000	51000000	8540.735
35000000	51000000	7481.0923
36000000	51000000	7307.4844
37000000	51000000	7874.296
38000000	51000000	9510.787
39000000	51000000	11588.206
40000000	51000000	12252.96
41000000	51000000	13309.116
42000000	51000000	11952.959
43000000	51000000	11181.741
44000000	51000000	9765.698
45000000	51000000	10188.489
46000000	51000000	9728.858
47000000	51000000	13890.174
48000000	51000000	31711.615
49000000	51000000	42031.598
50000000	51000000	94222.7
51000000	51000000	625862.44
0	52000000	4067.4307
1000000	52000000	3949.1245
2000000	52000000	3769.1829
3000000	52000000	3325.0818
4000000	52000000	2966.4917
5000000	52000000	3444.4182
6000000	52000000	3418.5068
7000000	52000000	3286.406
8000000	52000000	3176.8657
9000000	52000000	2657.964
10000000	52000000	2518.312
11000000	52000000	2952.807
12000000	52000000	2895.2205
13000000	52000000	3559.2617
14000000	52000000	3142.1287
15000000	52000000	1495.4419
18000000	52000000	4479.46
19000000	52000000	5478.0063
20000000	52000000	5205.5166
21000000	52000000	5396.483
22000000	52000000	6224.0776
23000000	52000000	6135.0503
24000000	52000000	6127.7656
25000000	52000000	5745.721
26000000	52000000	5760.6206
27000000	52000000	6221.3403
28000000	52000000	7010.966
29000000	52000000	7389.4194
30000000	52000000	7803.2417
31000000	52000000	7408.126
32000000	52000000	7648.48
33000000	52000000	6259.8022
34000000	52000000	7711.5767
35000000	52000000	6558.502
36000000	52000000	6531.6196
37000000	52000000	6591.021
38000000	52000000	8124.509
39000000	52000000	9799.351
40000000	52000000	9887.725
41000000	52000000	10691.033
42000000	52000000	10322.359
43000000	52000000	9788.695
44000000	52000000	8652.714
45000000	52000000	9061.707
46000000	52000000	8083.03
47000000	52000000	11027.422
48000000	52000000	19969.547
49000000	52000000	22366.102
50000000	52000000	37919.465
51000000	52000000	156417.73
52000000	52000000	605497.6
0	53000000	3815.513
1000000	53000000	5013.61
2000000	53000000	3203.71
3000000	53000000	2673.7593
4000000	53000000	2374.9014
5000000	53000000	3767.558
6000000	53000000	3854.6184
7000000	53000000	4359.7793
8000000	53000000	3428.2834
9000000	53000000	2063.3232
10000000	53000000	2428.8457
11000000	53000000	2751.8845
12000000	53000000	2465.4053
13000000	53000000	3072.4705
14000000	53000000	4148.2354
15000000	53000000	2658.799
18000000	53000000	4657.9917
19000000	53000000	5307.515
20000000	53000000	4351.0454
21000000	53000000	4442.0117
22000000	53000000	6938.943
23000000	53000000	5563.2197
24000000	53000000	6072.555
25000000	53000000	7350.2983
26000000	53000000	7562.937
27000000	53000000	7770.906
28000000	53000000	7288.2095
29000000	53000000	5669.549
30000000	53000000	8666.156
31000000	53000000	8005.436
32000000	53000000	7133.3
33000000	53000000	4865.0264
34000000	53000000	7627.987
35000000	53000000	8494.445
36000000	53000000	7237.2896
37000000	53000000	8616.898
38000000	53000000	9650.221
39000000	53000000	9661.448
40000000	53000000	11101.258
41000000	53000000	11999.108
42000000	53000000	8503.16
43000000	53000000	8001.875
44000000	53000000	8339.929
45000000	53000000	8732.25
46000000	53000000	5770.434
47000000	53000000	8894.532
48000000	53000000	15271.639
49000000	53000000	16695.463
50000000	53000000	31017.693
51000000	53000000	52130.61
52000000	53000000	169780.84
53000000	53000000	611417.7
0	54000000	4460.9795
1000000	54000000	3397.1252
2000000	54000000	3848.4968
3000000	54000000	4264.7827
4000000	54000000	3546.886
5000000	54000000	3684.5566
6000000	54000000	3703.9106
7000000	54000000	3414.374
8000000	54000000	3733.057
9000000	54000000	3454.7021
10000000	54000000	3596.2378
11000000	54000000	3911.11
12000000	54000000	3815.6646
13000000	54000000	4337.4463
14000000	54000000	3182.2346
15000000	54000000	1606.5735
18000000	54000000	4835.321
19000000	54000000	6216.8066
20000000	54000000	6138.8374
21000000	54000000	6854.8843
22000000	54000000	6547.2275
23000000	54000000	6469.6704
24000000	54000000	5905.183
25000000	54000000	4850.716
26000000	54000000	4931.2935
27000000	54000000	5020.57
28000000	54000000	5722.6562
29000000	54000000	7180.4204
30000000	54000000	6649.812
31000000	54000000	6600.34
32000000	54000000	7677.6104
33000000	54000000	7829.111
34000000	54000000	9236.452
35000000	54000000	6460.9365
36000000	54000000	6004.225
37000000	54000000	6018.1113
38000000	54000000	6891.2734
39000000	54000000	8727.95
40000000	54000000	8037.4077
41000000	54000000	8520.234
42000000	54000000	10161.928
43000000	54000000	11985.146
44000000	54000000	11285.441
45000000	54000000	11479.52
46000000	54000000	9917.069
47000000	54000000	13165.766
48000000	54000000	17799.574
49000000	54000000	14630.305
50000000	54000000	17294.041
51000000	54000000	33591.758
52000000	54000000	68339.83
53000000	54000000	147943.38
54000000	54000000	569517.75
0	55000000	4245.5327
1000000	55000000	2357.7576
2000000	55000000	3802.6858
3000000	55000000	4709.033
4000000	55000000	3708.745
5000000	55000000	3444.015
6000000	55000000	3277.0515
7000000	55000000	2912.4229
8000000	55000000	3761.81
9000000	55000000	4174.622
10000000	55000000	4261.7124
11000000	55000000	4542.4136
12000000	55000000	4964.2227
13000000	55000000	4660.0435
14000000	55000000	2495.8347
15000000	55000000	1001.598
18000000	55000000	3828.965
19000000	55000000	5929.3438
20000000	55000000	6536.307
21000000	55000000	7837.377
22000000	55000000	6283.9937
23000000	55000000	6305.7056
24000000	55000000	5394.9414
25000000	55000000	3917.9678
26000000	55000000	3583.8757
27000000	55000000	3739.6814
28000000	55000000	4867.192
29000000	55000000	6756.3267
30000000	55000000	5313.326
31000000	55000000	5406.912
32000000	55000000	6918.297
33000000	55000000	8988.366
34000000	55000000	8836.189
35000000	55000000	5177.0117
36000000	55000000	4978.6826
37000000	55000000	4450.8613
38000000	55000000	5326.3794
39000000	55000000	7408.6455
40000000	55000000	5982.867
41000000	55000000	6462.6274
42000000	55000000	9508.319
43000000	55000000	12915.526
44000000	55000000	12729.403
45000000	55000000	13206.868
46000000	55000000	12388.208
47000000	55000000	15358.603
48000000	55000000	16774.445
49000000	55000000	11593.834
50000000	55000000	10956.29
51000000	55000000	20333.326
52000000	55000000	28207.047
53000000	55000000	37184.438
54000000	55000000	185904.06
55000000	55000000	624507.25
0	56000000	4011.0078
1000000	56000000	1670.1847
2000000	56000000	4168.833
3000000	56000000	4826.6694
4000000	56000000	3672.5942
5000000	56000000	2580.418
6000000	56000000	2599.4639
7000000	56000000	2130.2075
8000000	56000000	3348.9211
9000000	56000000	4613.218
10000000	56000000	4075.2725
11000000	56000000	4221.463
12000000	56000000	5002.6143
13000000	56000000	4472.239
14000000	56000000	1814.1707
15000000	56000000	696.92163
18000000	56000000	3223.6448
19000000	56000000	5490.165
20000000	56000000	6712.3477
21000000	56000000	7989.36
22000000	56000000	4868.64
23000000	56000000	6065.0425
24000000	56000000	4759.0703
25000000	56000000	2881.248
26000000	56000000	2745.332
27000000	56000000	2823.2644
28000000	56000000	4178.782
29000000	56000000	7589.727
30000000	56000000	3964.7354
31000000	56000000	4696.6924
32000000	56000000	6509.0913
33000000	56000000	9533.362
34000000	56000000	7923.6963
35000000	56000000	3851.7603
36000000	56000000	4185.3257
37000000	56000000	3342.0452
38000000	56000000	4032.193
39000000	56000000	6399.304
40000000	56000000	4600.881
41000000	56000000	4599.7515
42000000	56000000	9337.299
43000000	56000000	11978.778
44000000	56000000	10673.148
45000000	56000000	10477.11
46000000	56000000	12582.354
47000000	56000000	13699.8125
48000000	56000000	13589.347
49000000	56000000	9590.153
50000000	56000000	6896.054
51000000	56000000	14511.637
52000000	56000000	17092.6
53000000	56000000	15656.647
54000000	56000000	39510.28
55000000	56000000	164034.02
56000000	56000000	762939.7
0	57000000	4276.525
1000000	57000000	3516.5444
2000000	57000000	3861.0842
3000000	57000000	4064.8657
4000000	57000000	3419.4465
5000000	57000000	3802.359
6000000	57000000	3621.7974
7000000	57000000	3355.3147
8000000	57000000	3552.74
9000000	57000000	3138.0242
10000000	57000000	3330.9448
11000000	57000000	3583.3762
12000000	57000000	3526.2065
13000000	57000000	3767.2363
14000000	57000000	2821.9148
15000000	57000000	1147.0391
18000000	57000000	4120.5566
19000000	57000000	5561.0845
20000000	57000000	5396.162
21000000	57000000	6323.1724
22000000	57000000	6757.8726
23000000	57000000	6015.685
24000000	57000000	5943.6704
25000000	57000000	5155.372
26000000	57000000	5177.4526
27000000	57000000	5540.2207
28000000	57000000	6685.612
29000000	57000000	7531.1064
30000000	57000000	7438.0522
31000000	57000000	7145.4688
32000000	57000000	7826.232
33000000	57000000	7184.6978
34000000	57000000	8462.674
35000000	57000000	6138.28
36000000	57000000	5468.793
37000000	57000000	5677.5474
38000000	57000000	6886.801
39000000	57000000	8769.72
40000000	57000000	8145.106
41000000	57000000	8689.318
42000000	57000000	10285.654
43000000	57000000	10175.785
44000000	57000000	9318.912
45000000	57000000	9705.601
46000000	57000000	7400.969
47000000	57000000	9870.056
48000000	57000000	12584.669
49000000	57000000	10150.647
50000000	57000000	11788.282
51000000	57000000	17807.994
52000000	57000000	19404.895
53000000	57000000	21493.57
54000000	57000000	28893.105
55000000	57000000	42663.297
56000000	57000000	119099.47
57000000	57000000	617166.7
0	58000000	3503.7666
1000000	58000000	5451.9673
2000000	58000000	3234.1484
3000000	58000000	2761.0105
4000000	58000000	2476.7007
5000000	58000000	4265.277
6000000	58000000	4229.2935
7000000	58000000	4117.7173
8000000	58000000	3269.6863
9000000	58000000	1767.3574
10000000	58000000	2481.1108
11000000	58000000	2901.5208
12000000	58000000	2258.277
13000000	58000000	2636.569
14000000	58000000	3374.6045
15000000	58000000	1929.232
18000000	58000000	4083.068
19000000	58000000	5143.885
20000000	58000000	4132.916
21000000	58000000	4457.26
22000000	58000000	7905.297
23000000	58000000	5892.66
24000000	58000000	6486.5176
25000000	58000000	7480.019
26000000	58000000	8064.908
27000000	58000000	8872.875
28000000	58000000	8364.565
29000000	58000000	5986.8506
30000000	58000000	11314.219
31000000	58000000	9458.606
32000000	58000000	7955.1206
33000000	58000000	4632.418
34000000	58000000	7634.911
35000000	58000000	8005.6514
36000000	58000000	6491.9688
37000000	58000000	8571.09
38000000	58000000	10294.782
39000000	58000000	10001.348
40000000	58000000	13048.772
41000000	58000000	13633.497
42000000	58000000	8660.144
43000000	58000000	7116.8613
44000000	58000000	7083.2217
45000000	58000000	7653.636
46000000	58000000	4380.731
47000000	58000000	6282.51
48000000	58000000	9508.654
49000000	58000000	9433.02
50000000	58000000	18220.314
51000000	58000000	17312.514
52000000	58000000	17909.299
53000000	58000000	23806.365
54000000	58000000	20239.934
55000000	58000000	21313.98
56000000	58000000	27326.227
57000000	58000000	178396.83
58000000	58000000	589437.0
0	59000000	4147.1484
1000000	59000000	3532.9497
2000000	59000000	3448.7766
3000000	59000000	3395.1206
4000000	59000000	2895.5425
5000000	59000000	3595.9084
6000000	59000000	3646.0447
7000000	59000000	3477.3235
8000000	59000000	3403.5396
9000000	59000000	2850.946
10000000	59000000	2957.2678
11000000	59000000	3190.0623
12000000	59000000	3165.6572
13000000	59000000	3628.4365
14000000	59000000	3064.6892
15000000	59000000	1635.1581
18000000	59000000	4358.865
19000000	59000000	5866.949
20000000	59000000	5511.133
21000000	59000000	6350.591
22000000	59000000	7391.8823
23000000	59000000	6916.953
24000000	59000000	6913.9736
25000000	59000000	5967.2207
26000000	59000000	5969.9463
27000000	59000000	6297.4785
28000000	59000000	6973.7104
29000000	59000000	7941.3306
30000000	59000000	8439.725
31000000	59000000	8039.629
32000000	59000000	8504.139
33000000	59000000	7487.1543
34000000	59000000	9696.556
35000000	59000000	7556.4717
36000000	59000000	6442.8936
37000000	59000000	6665.0146
38000000	59000000	7745.106
39000000	59000000	9623.765
40000000	59000000	9153.425
41000000	59000000	9822.068
42000000	59000000	10149.048
43000000	59000000	10048.536
44000000	59000000	8764.122
45000000	59000000	8836.019
46000000	59000000	6841.148
47000000	59000000	8266.774
48000000	59000000	11274.599
49000000	59000000	9970.568
50000000	59000000	12277.059
51000000	59000000	13603.921
52000000	59000000	14426.409
53000000	59000000	16017.697
54000000	59000000	18612.375
55000000	59000000	20217.836
56000000	59000000	24435.451
57000000	59000000	51464.234
58000000	59000000	125485.92
59000000	59000000	614638.56
0	60000000	3647.6755
1000000	60000000	1340.3542
2000000	60000000	3815.601
3000000	60000000	3883.0198
4000000	60000000	2892.6099
5000000	60000000	1903.7144
6000000	60000000	2300.0457
7000000	60000000	1700.1923
8000000	60000000	2583.1748
9000000	60000000	4015.1445
10000000	60000000	3298.5996
11000000	60000000	3329.5925
12000000	60000000	4437.169
13000000	60000000	3857.766
14000000	60000000	1585.7906
15000000	60000000	552.3309
18000000	60000000	2936.1287
19000000	60000000	4998.18
20000000	60000000	6461.0977
21000000	60000000	8306.767
22000000	60000000	4775.169
23000000	60000000	7208.4463
24000000	60000000	6009.836
25000000	60000000	3206.863
26000000	60000000	3161.2827
27000000	60000000	3090.7417
28000000	60000000	5042.902
29000000	60000000	9738.203
30000000	60000000	4641.958
31000000	60000000	5737.839
32000000	60000000	7515.3965
33000000	60000000	9929.0625
34000000	60000000	7961.676
35000000	60000000	3590.4756
36000000	60000000	4781.5044
37000000	60000000	3495.3655
38000000	60000000	4319.571
39000000	60000000	7328.343
40000000	60000000	4790.9233
41000000	60000000	4357.986
42000000	60000000	9952.767
43000000	60000000	11477.89
44000000	60000000	8449.44
45000000	60000000	7674.009
46000000	60000000	10799.905
47000000	60000000	9700.185
48000000	60000000	10759.712
49000000	60000000	8817.242
50000000	60000000	4973.463
51000000	60000000	10316.793
52000000	60000000	9874.724
53000000	60000000	7450.589
54000000	60000000	14271.995
55000000	60000000	18203.645
56000000	60000000	25204.557
57000000	60000000	25889.803
58000000	60000000	21405.652
59000000	60000000	125618.54
60000000	60000000	765673.44
0	61000000	3766.3088
1000000	61000000	3053.3975
2000000	61000000	3383.7646
3000000	61000000	2842.132
4000000	61000000	2100.733
5000000	61000000	2572.2505
6000000	61000000	2644.6033
7000000	61000000	2267.317
8000000	61000000	2538.032
9000000	61000000	2390.4949
10000000	61000000	2296.0002
11000000	61000000	2498.6245
12000000	61000000	2672.8599
13000000	61000000	2913.079
14000000	61000000	2499.206
15000000	61000000	1057.3955
18000000	61000000	3662.9475
19000000	61000000	4896.4233
20000000	61000000	4757.1523
21000000	61000000	5744.0405
22000000	61000000	6140.8315
23000000	61000000	6435.0996
24000000	61000000	6669.0703
25000000	61000000	5480.5576
26000000	61000000	5473.305
27000000	61000000	6089.8047
28000000	61000000	7226.4126
29000000	61000000	8208.592
30000000	61000000	8030.255
31000000	61000000	8031.808
32000000	61000000	8491.074
33000000	61000000	7193.6445
34000000	61000000	8353.518
35000000	61000000	6077.8975
36000000	61000000	5744.3574
37000000	61000000	5765.409
38000000	61000000	7257.2783
39000000	61000000	9006.76
40000000	61000000	8509.786
41000000	61000000	8563.862
42000000	61000000	9433.477
43000000	61000000	8902.237
44000000	61000000	6803.322
45000000	61000000	6390.6714
46000000	61000000	5746.1206
47000000	61000000	6774.716
48000000	61000000	9540.409
49000000	61000000	8749.68
50000000	61000000	9713.019
51000000	61000000	11971.045
52000000	61000000	11743.773
53000000	61000000	11066.471
54000000	61000000	12836.644
55000000	61000000	13188.806
56000000	61000000	14210.104
57000000	61000000	22993.072
58000000	61000000	29698.26
59000000	61000000	59155.695
60000000	61000000	163742.3
61000000	61000000	589339.9
0	62000000	3186.8718
1000000	62000000	4959.165
2000000	62000000	2796.648
3000000	62000000	1941.2441
4000000	62000000	1885.3341
5000000	62000000	2894.308
6000000	62000000	2828.4084
7000000	62000000	3172.7874
8000000	62000000	2164.0173
9000000	62000000	1245.6326
10000000	62000000	1581.6179
11000000	62000000	1823.0212
12000000	62000000	1606.1787
13000000	62000000	2065.6587
14000000	62000000	3203.306
15000000	62000000	2122.619
18000000	62000000	3652.554
19000000	62000000	4025.8928
20000000	62000000	3238.2292
21000000	62000000	3401.9436
22000000	62000000	6136.6533
23000000	62000000	4817.1465
24000000	62000000	6251.216
25000000	62000000	8102.118
26000000	62000000	8485.161
27000000	62000000	9545.071
28000000	62000000	8629.042
29000000	62000000	5608.0283
30000000	62000000	10825.524
31000000	62000000	9062.6
32000000	62000000	7848.5376
33000000	62000000	4066.8354
34000000	62000000	6690.4126
35000000	62000000	7535.336
36000000	62000000	6593.032
37000000	62000000	8498.743
38000000	62000000	10150.009
39000000	62000000	8955.947
40000000	62000000	11817.421
41000000	62000000	12349.987
42000000	62000000	7136.2725
43000000	62000000	5365.828
44000000	62000000	4612.763
45000000	62000000	4514.7554
46000000	62000000	2965.413
47000000	62000000	4057.2976
48000000	62000000	6364.67
49000000	62000000	7796.695
50000000	62000000	14380.439
51000000	62000000	11755.159
52000000	62000000	10722.222
53000000	62000000	13471.155
54000000	62000000	9744.356
55000000	62000000	8218.667
56000000	62000000	7155.7944
57000000	62000000	16118.639
58000000	62000000	32286.137
59000000	62000000	31905.932
60000000	62000000	21639.24
61000000	62000000	150767.42
62000000	62000000	633023.8
0	63000000	3153.618
1000000	63000000	5119.1367
2000000	63000000	2634.0269
3000000	63000000	2002.8439
4000000	63000000	2049.4658
5000000	63000000	3028.7249
6000000	63000000	2901.4307
7000000	63000000	3135.144
8000000	63000000	2120.8462
9000000	63000000	1231.012
10000000	63000000	1503.1372
11000000	63000000	1866.862
12000000	63000000	1531.0624
13000000	63000000	1981.5245
14000000	63000000	3035.8135
15000000	63000000	2476.1392
18000000	63000000	3467.05
19000000	63000000	3811.9824
20000000	63000000	3138.6943
21000000	63000000	3259.5784
22000000	63000000	5605.314
23000000	63000000	4774.0957
24000000	63000000	6068.1055
25000000	63000000	7869.716
26000000	63000000	8833.17
27000000	63000000	10211.689
28000000	63000000	8524.499
29000000	63000000	5877.341
30000000	63000000	10300.5
31000000	63000000	9094.388
32000000	63000000	7378.894
33000000	63000000	4254.4644
34000000	63000000	6570.0225
35000000	63000000	7224.109
36000000	63000000	6591.3667
37000000	63000000	8854.403
38000000	63000000	10222.433
39000000	63000000	8543.058
40000000	63000000	11223.581
41000000	63000000	11816.215
42000000	63000000	7016.8145
43000000	63000000	5149.2256
44000000	63000000	4229.0186
45000000	63000000	4285.937
46000000	63000000	2986.4387
47000000	63000000	3798.9424
48000000	63000000	6168.0034
49000000	63000000	7566.191
50000000	63000000	13682.368
51000000	63000000	11076.11
52000000	63000000	10159.206
53000000	63000000	12283.031
54000000	63000000	9066.972
55000000	63000000	7518.73
56000000	63000000	6583.062
57000000	63000000	13947.288
58000000	63000000	25652.348
59000000	63000000	23132.305
60000000	63000000	16242.858
61000000	63000000	56929.895
62000000	63000000	148793.47
63000000	63000000	633881.25
0	64000000	2874.4214
1000000	64000000	4528.372
2000000	64000000	2584.8728
3000000	64000000	1979.8892
4000000	64000000	1755.8572
5000000	64000000	2725.0315
6000000	64000000	2631.1638
7000000	64000000	2591.8813
8000000	64000000	1853.4668
9000000	64000000	1131.4742
10000000	64000000	1332.6368
11000000	64000000	1743.009
12000000	64000000	1377.5349
13000000	64000000	1864.6522
14000000	64000000	2594.6892
15000000	64000000	2003.9055
18000000	64000000	3369.8513
19000000	64000000	3439.9448
20000000	64000000	3174.3005
21000000	64000000	3148.4534
22000000	64000000	5499.2686
23000000	64000000	4493.215
24000000	64000000	5902.916
25000000	64000000	7180.096
26000000	64000000	8067.5063
27000000	64000000	9909.753
28000000	64000000	8567.688
29000000	64000000	5621.3677
30000000	64000000	10428.033
31000000	64000000	8746.739
32000000	64000000	7349.7227
33000000	64000000	4082.4802
34000000	64000000	6283.506
35000000	64000000	6624.961
36000000	64000000	5797.5547
37000000	64000000	7987.749
38000000	64000000	9738.439
39000000	64000000	8639.479
40000000	64000000	11407.783
41000000	64000000	12157.61
42000000	64000000	6750.5327
43000000	64000000	5205.0127
44000000	64000000	4025.0947
45000000	64000000	4022.762
46000000	64000000	2859.7285
47000000	64000000	3596.6152
48000000	64000000	6004.502
49000000	64000000	6848.6753
50000000	64000000	12971.449
51000000	64000000	10909.332
52000000	64000000	9870.072
53000000	64000000	11430.27
54000000	64000000	8295.898
55000000	64000000	6863.252
56000000	64000000	5776.6206
57000000	64000000	12579.9795
58000000	64000000	21738.643
59000000	64000000	18308.531
60000000	64000000	12418.767
61000000	64000000	35456.934
62000000	64000000	62137.082
63000000	64000000	158051.45
64000000	64000000	589202.2
0	65000000	3148.6025
1000000	65000000	4411.5273
2000000	65000000	2758.8843
3000000	65000000	1934.2622
4000000	65000000	1668.2351
5000000	65000000	2627.497
6000000	65000000	2475.0706
7000000	65000000	2670.5623
8000000	65000000	2042.2108
9000000	65000000	1282.9536
10000000	65000000	1438.7592
11000000	65000000	1732.072
12000000	65000000	1537.8977
13000000	65000000	1899.1819
14000000	65000000	2514.5295
15000000	65000000	1770.2687
18000000	65000000	3160.6377
19000000	65000000	3654.8264
20000000	65000000	3271.7583
21000000	65000000	3218.48
22000000	65000000	5280.4097
23000000	65000000	4514.026
24000000	65000000	5658.4097
25000000	65000000	7044.9546
26000000	65000000	7583.229
27000000	65000000	8404.468
28000000	65000000	7962.0366
29000000	65000000	5590.789
30000000	65000000	9687.794
31000000	65000000	8327.701
32000000	65000000	7122.6753
33000000	65000000	4274.1865
34000000	65000000	6141.666
35000000	65000000	6123.452
36000000	65000000	5385.5205
37000000	65000000	7008.6895
38000000	65000000	8790.288
39000000	65000000	8054.0103
40000000	65000000	10923.384
41000000	65000000	11414.354
42000000	65000000	6863.2373
43000000	65000000	5087.767
44000000	65000000	4092.1714
45000000	65000000	4157.4575
46000000	65000000	2925.0151
47000000	65000000	3674.8809
48000000	65000000	5816.194
49000000	65000000	6750.2837
50000000	65000000	11958.06
51000000	65000000	10208.575
52000000	65000000	9009.836
53000000	65000000	10731.872
54000000	65000000	7941.566
55000000	65000000	6570.628
56000000	65000000	5671.2314
57000000	65000000	10732.108
58000000	65000000	17300.684
59000000	65000000	14239.511
60000000	65000000	9739.597
61000000	65000000	19212.865
62000000	65000000	29057.312
63000000	65000000	39604.76
64000000	65000000	142038.34
65000000	65000000	660625.56
0	66000000	2989.4062
1000000	66000000	3934.3516
2000000	66000000	2719.9185
3000000	66000000	1854.742
4000000	66000000	1615.3295
5000000	66000000	2284.5396
6000000	66000000	2290.0337
7000000	66000000	2081.6296
8000000	66000000	1750.5292
9000000	66000000	1253.4155
10000000	66000000	1402.4717
11000000	66000000	1656.3645
12000000	66000000	1515.2408
13000000	66000000	1801.3964
14000000	66000000	2293.5188
15000000	66000000	1346.9178
18000000	66000000	2957.2458
19000000	66000000	3488.1033
20000000	66000000	3442.6965
21000000	66000000	3352.6287
22000000	66000000	5073.803
23000000	66000000	4501.0264
24000000	66000000	5421.253
25000000	66000000	6219.063
26000000	66000000	6699.4326
27000000	66000000	7773.4653
28000000	66000000	7638.5083
29000000	66000000	5853.369
30000000	66000000	9214.443
31000000	66000000	7770.451
32000000	66000000	6948.8857
33000000	66000000	4335.092
34000000	66000000	5997.93
35000000	66000000	5500.389
36000000	66000000	5283.7485
37000000	66000000	6279.764
38000000	66000000	8260.326
39000000	66000000	8105.955
40000000	66000000	10061.127
41000000	66000000	10380.597
42000000	66000000	6803.4976
43000000	66000000	5338.788
44000000	66000000	3990.8557
45000000	66000000	3781.2236
46000000	66000000	3048.2664
47000000	66000000	3765.95
48000000	66000000	5994.6196
49000000	66000000	6546.217
50000000	66000000	11028.125
51000000	66000000	9981.277
52000000	66000000	8605.186
53000000	66000000	9695.75
54000000	66000000	7565.717
55000000	66000000	6198.248
56000000	66000000	5545.9297
57000000	66000000	10008.564
58000000	66000000	15164.249
59000000	66000000	12654.131
60000000	66000000	9169.984
61000000	66000000	17294.09
62000000	66000000	22622.863
63000000	66000000	29014.004
64000000	66000000	81640.03
65000000	66000000	176529.61
66000000	66000000	590984.9
0	67000000	3590.5264
1000000	67000000	2920.7024
2000000	67000000	3397.0222
3000000	67000000	2910.5479
4000000	67000000	2368.9995
5000000	67000000	2116.811
6000000	67000000	2248.4187
7000000	67000000	1770.7219
8000000	67000000	2004.1276
9000000	67000000	2245.603
10000000	67000000	1921.4983
11000000	67000000	2094.9856
12000000	67000000	2320.763
13000000	67000000	2657.9397
14000000	67000000	2310.1384
15000000	67000000	1008.5063
18000000	67000000	3418.2598
19000000	67000000	4289.1646
20000000	67000000	4555.3066
21000000	67000000	4962.5586
22000000	67000000	4545.2275
23000000	67000000	5680.8945
24000000	67000000	5817.823
25000000	67000000	4917.9697
26000000	67000000	5253.7744
27000000	67000000	5713.71
28000000	67000000	6778.936
29000000	67000000	7742.7207
30000000	67000000	6822.7764
31000000	67000000	7385.856
32000000	67000000	7621.822
33000000	67000000	6779.1675
34000000	67000000	7190.62
35000000	67000000	4801.4536
36000000	67000000	5820.3965
37000000	67000000	5288.8013
38000000	67000000	6422.108
39000000	67000000	7983.247
40000000	67000000	7628.4575
41000000	67000000	7438.1104
42000000	67000000	8374.101
43000000	67000000	7105.691
44000000	67000000	4993.235
45000000	67000000	4259.185
46000000	67000000	5284.69
47000000	67000000	5283.5146
48000000	67000000	7649.927
49000000	67000000	8050.7607
50000000	67000000	7864.7583
51000000	67000000	10185.778
52000000	67000000	8851.656
53000000	67000000	7905.329
54000000	67000000	8622.02
55000000	67000000	7828.4424
56000000	67000000	8346.398
57000000	67000000	10451.056
58000000	67000000	10524.258
59000000	67000000	11843.148
60000000	67000000	13223.565
61000000	67000000	15064.891
62000000	67000000	14134.354
63000000	67000000	17303.154
64000000	67000000	30630.6
65000000	67000000	43455.27
66000000	67000000	162360.0
67000000	67000000	680667.44
0	68000000	3131.621
1000000	68000000	4322.5444
2000000	68000000	2327.969
3000000	68000000	1722.4054
4000000	68000000	1776.232
5000000	68000000	2408.695
6000000	68000000	2490.397
7000000	68000000	3139.0203
8000000	68000000	1908.9524
9000000	68000000	1229.0272
10000000	68000000	1308.6729
11000000	68000000	1495.6572
12000000	68000000	1414.1951
13000000	68000000	2103.7324
14000000	68000000	4063.4653
15000000	68000000	3234.5652
18000000	68000000	4128.9883
19000000	68000000	3731.285
20000000	68000000	3070.6733
21000000	68000000	2969.7969
22000000	68000000	4892.335
23000000	68000000	4244.703
24000000	68000000	5260.1963
25000000	68000000	7336.52
26000000	68000000	7793.5522
27000000	68000000	7698.5977
28000000	68000000	6629.531
29000000	68000000	4679.8438
30000000	68000000	7603.976
31000000	68000000	7278.2847
32000000	68000000	6500.5454
33000000	68000000	4037.6033
34000000	68000000	6511.3125
35000000	68000000	8292.0
36000000	68000000	7927.897
37000000	68000000	8683.068
38000000	68000000	8469.59
39000000	68000000	7481.367
40000000	68000000	8906.644
41000000	68000000	9062.448
42000000	68000000	5832.4077
43000000	68000000	4726.684
44000000	68000000	3987.2563
45000000	68000000	3819.9238
46000000	68000000	2538.906
47000000	68000000	3632.8118
48000000	68000000	5978.822
49000000	68000000	7677.693
50000000	68000000	11363.823
51000000	68000000	9077.909
52000000	68000000	7952.322
53000000	68000000	9895.458
54000000	68000000	7083.087
55000000	68000000	5583.1445
56000000	68000000	4504.2188
57000000	68000000	7796.306
58000000	68000000	11657.908
59000000	68000000	9877.101
60000000	68000000	5824.867
61000000	68000000	10830.797
62000000	68000000	15394.906
63000000	68000000	17505.166
64000000	68000000	24553.533
65000000	68000000	30816.857
66000000	68000000	64475.86
67000000	68000000	142909.02
68000000	68000000	556725.2
0	69000000	2702.8284
1000000	69000000	4921.3154
2000000	69000000	2076.6624
3000000	69000000	1502.5548
4000000	69000000	2091.458
5000000	69000000	2296.1711
6000000	69000000	2338.7979
7000000	69000000	3345.5244
8000000	69000000	1731.6858
9000000	69000000	1018.097
10000000	69000000	1132.6516
11000000	69000000	1224.4597
12000000	69000000	1200.5486
13000000	69000000	1852.8011
14000000	69000000	4517.1514
15000000	69000000	4704.1895
18000000	69000000	4040.7993
19000000	69000000	3298.3342
20000000	69000000	2552.7913
21000000	69000000	2212.8677
22000000	69000000	4449.825
23000000	69000000	3469.6147
24000000	69000000	4506.8823
25000000	69000000	7741.501
26000000	69000000	8414.79
27000000	69000000	8154.098
28000000	69000000	6090.9395
29000000	69000000	3679.0608
30000000	69000000	7024.651
31000000	69000000	6913.6577
32000000	69000000	5553.7783
33000000	69000000	3230.154
34000000	69000000	5512.8784
35000000	69000000	8724.017
36000000	69000000	8487.286
37000000	69000000	9724.875
38000000	69000000	8663.771
39000000	69000000	6346.918
40000000	69000000	8134.5923
41000000	69000000	8597.621
42000000	69000000	4449.917
43000000	69000000	3570.3718
44000000	69000000	3344.7952
45000000	69000000	3202.839
46000000	69000000	2000.657
47000000	69000000	2736.2793
48000000	69000000	4905.704
49000000	69000000	7420.176
50000000	69000000	11100.8955
51000000	69000000	8020.51
52000000	69000000	7099.865
53000000	69000000	9474.895
54000000	69000000	6204.214
55000000	69000000	4542.9805
56000000	69000000	3550.9475
57000000	69000000	6492.6567
58000000	69000000	10098.385
59000000	69000000	8146.073
60000000	69000000	4228.56
61000000	69000000	8299.661
62000000	69000000	13515.2295
63000000	69000000	15530.795
64000000	69000000	18092.824
65000000	69000000	20209.607
66000000	69000000	25901.389
67000000	69000000	30007.348
68000000	69000000	177063.86
69000000	69000000	666553.5
0	70000000	3210.7695
1000000	70000000	4100.066
2000000	70000000	2511.0383
3000000	70000000	2007.5356
4000000	70000000	2511.0825
5000000	70000000	2382.4478
6000000	70000000	2508.8235
7000000	70000000	2939.7097
8000000	70000000	2007.5171
9000000	70000000	1327.3186
10000000	70000000	1394.6462
11000000	70000000	1737.1613
12000000	70000000	1522.6908
13000000	70000000	2137.1929
14000000	70000000	3794.8127
15000000	70000000	2993.703
18000000	70000000	4211.8257
19000000	70000000	3701.6257
20000000	70000000	3161.3965
21000000	70000000	3083.1318
22000000	70000000	4551.7095
23000000	70000000	4180.971
24000000	70000000	5039.55
25000000	70000000	6928.6177
26000000	70000000	7143.7876
27000000	70000000	7123.626
28000000	70000000	6297.448
29000000	70000000	4776.6094
30000000	70000000	6864.5425
31000000	70000000	7062.4946
32000000	70000000	6277.7935
33000000	70000000	4419.015
34000000	70000000	6351.781
35000000	70000000	7528.002
36000000	70000000	7656.284
37000000	70000000	8196.235
38000000	70000000	7879.6973
39000000	70000000	7096.235
40000000	70000000	7832.949
41000000	70000000	7970.5337
42000000	70000000	5633.064
43000000	70000000	4639.569
44000000	70000000	3857.4016
45000000	70000000	3785.466
46000000	70000000	2695.7358
47000000	70000000	3500.9092
48000000	70000000	5805.369
49000000	70000000	7702.2544
50000000	70000000	9890.354
51000000	70000000	8349.156
52000000	70000000	7217.322
53000000	70000000	8655.498
54000000	70000000	6533.465
55000000	70000000	5275.243
56000000	70000000	4523.225
57000000	70000000	6761.9707
58000000	70000000	9540.087
59000000	70000000	8850.587
60000000	70000000	6051.3555
61000000	70000000	9130.77
62000000	70000000	12208.846
63000000	70000000	13497.142
64000000	70000000	15315.82
65000000	70000000	16787.662
66000000	70000000	21519.98
67000000	70000000	27800.88
68000000	70000000	85837.84
69000000	70000000	156560.19
70000000	70000000	600288.7
0	71000000	4077.4338
1000000	71000000	4222.845
2000000	71000000	2797.7188
3000000	71000000	2207.9858
4000000	71000000	1899.6078
5000000	71000000	2802.907
6000000	71000000	3052.3413
7000000	71000000	3110.1704
8000000	71000000	2518.06
9000000	71000000	1702.3667
10000000	71000000	1863.3131
11000000	71000000	2053.131
12000000	71000000	2183.9607
13000000	71000000	2979.9485
14000000	71000000	3688.4465
15000000	71000000	2245.291
18000000	71000000	4544.4463
19000000	71000000	4809.787
20000000	71000000	4001.0513
21000000	71000000	4226.485
22000000	71000000	5770.051
23000000	71000000	5072.612
24000000	71000000	5583.7783
25000000	71000000	6249.249
26000000	71000000	6161.272
27000000	71000000	6549.7715
28000000	71000000	6118.7603
29000000	71000000	5400.8896
30000000	71000000	7284.214
31000000	71000000	6654.2114
32000000	71000000	6629.3164
33000000	71000000	5030.882
34000000	71000000	7558.0444
35000000	71000000	7605.1313
36000000	71000000	6266.96
37000000	71000000	6998.967
38000000	71000000	7632.905
39000000	71000000	7682.7876
40000000	71000000	8236.427
41000000	71000000	8572.738
42000000	71000000	6642.992
43000000	71000000	6525.3467
44000000	71000000	5355.745
45000000	71000000	5323.783
46000000	71000000	3745.5112
47000000	71000000	4780.4087
48000000	71000000	7173.4985
49000000	71000000	6753.8203
50000000	71000000	9709.846
51000000	71000000	8665.151
52000000	71000000	7521.9727
53000000	71000000	8945.411
54000000	71000000	7627.193
55000000	71000000	6573.402
56000000	71000000	5782.337
57000000	71000000	8232.069
58000000	71000000	10209.321
59000000	71000000	10239.706
60000000	71000000	6945.688
61000000	71000000	10385.179
62000000	71000000	11767.869
63000000	71000000	12649.637
64000000	71000000	14095.945
65000000	71000000	15481.452
66000000	71000000	18425.082
67000000	71000000	21351.096
68000000	71000000	42754.383
69000000	71000000	51027.67
70000000	71000000	183726.52
71000000	71000000	573569.2
0	72000000	4761.2397
1000000	72000000	2369.284
2000000	72000000	3597.3643
3000000	72000000	3706.0715
4000000	72000000	2767.13
5000000	72000000	2721.0896
6000000	72000000	2878.998
7000000	72000000	2390.31
8000000	72000000	3119.955
9000000	72000000	3145.6392
10000000	72000000	2846.1052
11000000	72000000	3151.8682
12000000	72000000	3761.4841
13000000	72000000	4532.5303
14000000	72000000	2794.608
15000000	72000000	1206.8813
18000000	72000000	4453.6245
19000000	72000000	6008.319
20000000	72000000	6010.322
21000000	72000000	6530.237
22000000	72000000	5296.542
23000000	72000000	5999.8936
24000000	72000000	5660.4736
25000000	72000000	3907.184
26000000	72000000	3784.2175
27000000	72000000	3736.7334
28000000	72000000	4712.8687
29000000	72000000	6971.4507
30000000	72000000	4935.3413
31000000	72000000	5192.0073
32000000	72000000	6663.3145
33000000	72000000	7650.301
34000000	72000000	8243.133
35000000	72000000	5047.432
36000000	72000000	4785.8853
37000000	72000000	4172.872
38000000	72000000	4822.233
39000000	72000000	7158.793
40000000	72000000	5450.451
41000000	72000000	5423.032
42000000	72000000	8121.1885
43000000	72000000	9109.096
44000000	72000000	7375.2305
45000000	72000000	6847.497
46000000	72000000	7236.1436
47000000	72000000	7310.9785
48000000	72000000	8800.517
49000000	72000000	6497.7114
50000000	72000000	5760.318
51000000	72000000	7623.1323
52000000	72000000	6869.642
53000000	72000000	5961.243
54000000	72000000	8651.749
55000000	72000000	8895.615
56000000	72000000	9073.154
57000000	72000000	8551.102
58000000	72000000	6808.5454
59000000	72000000	9983.113
60000000	72000000	11495.998
61000000	72000000	10387.091
62000000	72000000	7248.6216
63000000	72000000	8076.2847
64000000	72000000	8631.428
65000000	72000000	9674.526
66000000	72000000	11385.548
67000000	72000000	18054.854
68000000	72000000	17993.137
69000000	72000000	17980.752
70000000	72000000	36420.516
71000000	72000000	146310.62
72000000	72000000	642176.2
0	73000000	4081.1057
1000000	73000000	4764.5166
2000000	73000000	2708.3748
3000000	73000000	2146.1245
4000000	73000000	1851.8668
5000000	73000000	3402.8965
6000000	73000000	3597.345
7000000	73000000	4261.994
8000000	73000000	3491.0083
9000000	73000000	1923.0807
10000000	73000000	2400.665
11000000	73000000	2681.3862
12000000	73000000	2447.0652
13000000	73000000	3642.4
14000000	73000000	4432.716
15000000	73000000	2695.1912
18000000	73000000	5079.8154
19000000	73000000	5837.236
20000000	73000000	4656.1704
21000000	73000000	4404.816
22000000	73000000	7348.246
23000000	73000000	5218.704
24000000	73000000	5270.5327
25000000	73000000	6259.1562
26000000	73000000	6196.283
27000000	73000000	6192.9487
28000000	73000000	5397.5645
29000000	73000000	4401.4873
30000000	73000000	7045.3403
31000000	73000000	5837.593
32000000	73000000	5718.892
33000000	73000000	4108.4937
34000000	73000000	7342.7344
35000000	73000000	8251.394
36000000	73000000	5806.1626
37000000	73000000	7113.141
38000000	73000000	7511.0596
39000000	73000000	7237.9736
40000000	73000000	8178.802
41000000	73000000	8390.424
42000000	73000000	5988.288
43000000	73000000	6677.1562
44000000	73000000	7040.0757
45000000	73000000	7228.7188
46000000	73000000	3934.2695
47000000	73000000	5604.6626
48000000	73000000	7367.236
49000000	73000000	6194.734
50000000	73000000	9385.383
51000000	73000000	7690.6104
52000000	73000000	6667.535
53000000	73000000	8487.612
54000000	73000000	7197.1426
55000000	73000000	6322.1494
56000000	73000000	5073.486
57000000	73000000	8131.097
58000000	73000000	10205.416
59000000	73000000	9454.784
60000000	73000000	5077.988
61000000	73000000	8574.8125
62000000	73000000	11061.096
63000000	73000000	11165.484
64000000	73000000	12365.887
65000000	73000000	12618.349
66000000	73000000	12872.427
67000000	73000000	11842.109
68000000	73000000	23292.66
69000000	73000000	26680.754
70000000	73000000	33589.348
71000000	73000000	64245.99
72000000	73000000	189143.53
73000000	73000000	603976.0
0	74000000	6578.5884
1000000	74000000	3263.4263
2000000	74000000	4207.7935
3000000	74000000	3488.2903
4000000	74000000	2333.2961
5000000	74000000	2931.521
6000000	74000000	3267.8982
7000000	74000000	2953.8809
8000000	74000000	3678.2456
9000000	74000000	3539.5112
10000000	74000000	2987.2754
11000000	74000000	3308.3171
12000000	74000000	4373.056
13000000	74000000	6071.164
14000000	74000000	4506.5435
15000000	74000000	1758.4164
18000000	74000000	6713.4863
19000000	74000000	8000.591
20000000	74000000	6935.624
21000000	74000000	6956.4785
22000000	74000000	5922.8413
23000000	74000000	6439.9766
24000000	74000000	5962.581
25000000	74000000	4693.573
26000000	74000000	4411.7383
27000000	74000000	4357.746
28000000	74000000	5385.6406
29000000	74000000	7304.9204
30000000	74000000	5354.2285
31000000	74000000	5467.0493
32000000	74000000	6590.971
33000000	74000000	7084.351
34000000	74000000	7999.938
35000000	74000000	5892.52
36000000	74000000	5882.4287
37000000	74000000	4939.198
38000000	74000000	5441.017
39000000	74000000	7644.168
40000000	74000000	5941.7905
41000000	74000000	5496.822
42000000	74000000	7628.2827
43000000	74000000	8956.377
44000000	74000000	7186.905
45000000	74000000	6838.536
46000000	74000000	6496.7305
47000000	74000000	7513.6587
48000000	74000000	9156.546
49000000	74000000	7319.427
50000000	74000000	6284.7324
51000000	74000000	8529.292
52000000	74000000	7463.532
53000000	74000000	6745.7544
54000000	74000000	8348.205
55000000	74000000	8362.38
56000000	74000000	8690.077
57000000	74000000	9288.746
58000000	74000000	7241.1763
59000000	74000000	9348.841
60000000	74000000	9698.9
61000000	74000000	9628.1455
62000000	74000000	7340.16
63000000	74000000	7962.93
64000000	74000000	8293.672
65000000	74000000	9092.773
66000000	74000000	10140.14
67000000	74000000	14529.899
68000000	74000000	14963.314
69000000	74000000	14015.204
70000000	74000000	21341.822
71000000	74000000	35990.85
72000000	74000000	77963.23
73000000	74000000	132571.39
74000000	74000000	646543.8
0	75000000	5312.591
1000000	75000000	6672.442
2000000	75000000	2601.105
3000000	75000000	1631.5028
4000000	75000000	2170.586
5000000	75000000	3048.0044
6000000	75000000	3498.3958
7000000	75000000	5451.0757
8000000	75000000	3154.021
9000000	75000000	1447.5355
10000000	75000000	1772.7817
11000000	75000000	2157.9026
12000000	75000000	2199.968
13000000	75000000	4245.8364
14000000	75000000	9495.772
15000000	75000000	8812.601
18000000	75000000	8857.33
19000000	75000000	6086.3057
20000000	75000000	3841.9946
21000000	75000000	3108.1807
22000000	75000000	5840.548
23000000	75000000	3999.65
24000000	75000000	4683.129
25000000	75000000	7362.8013
26000000	75000000	7334.108
27000000	75000000	6718.19
28000000	75000000	5063.5107
29000000	75000000	3323.6326
30000000	75000000	5802.553
31000000	75000000	5241.701
32000000	75000000	4751.8745
33000000	75000000	2981.1619
34000000	75000000	5935.3013
35000000	75000000	10746.106
36000000	75000000	8333.328
37000000	75000000	9158.237
38000000	75000000	7335.5376
39000000	75000000	6220.025
40000000	75000000	6782.134
41000000	75000000	6900.6665
42000000	75000000	4143.425
43000000	75000000	4259.8076
44000000	75000000	4828.486
45000000	75000000	4709.108
46000000	75000000	2254.8718
47000000	75000000	3750.4712
48000000	75000000	5745.124
49000000	75000000	6427.892
50000000	75000000	9518.038
51000000	75000000	6467.0664
52000000	75000000	5438.235
53000000	75000000	8098.8843
54000000	75000000	5702.139
55000000	75000000	4490.065
56000000	75000000	3305.6545
57000000	75000000	5804.771
58000000	75000000	8182.0454
59000000	75000000	6776.497
60000000	75000000	2958.3892
61000000	75000000	5897.4517
62000000	75000000	9382.134
63000000	75000000	9748.989
64000000	75000000	9700.798
65000000	75000000	9881.176
66000000	75000000	9439.2
67000000	75000000	8210.8125
68000000	75000000	21980.34
69000000	75000000	27379.541
70000000	75000000	25425.447
71000000	75000000	27149.53
72000000	75000000	20295.705
73000000	75000000	57706.434
74000000	75000000	131333.19
75000000	75000000	627234.7
0	76000000	7200.2217
1000000	76000000	5756.667
2000000	76000000	2648.4304
3000000	76000000	2052.0688
4000000	76000000	2550.4324
5000000	76000000	2826.3994
6000000	76000000	3318.5515
7000000	76000000	5384.778
8000000	76000000	3333.3755
9000000	76000000	2172.9563
10000000	76000000	2143.1821
11000000	76000000	2273.2039
12000000	76000000	2605.4978
13000000	76000000	5451.8022
14000000	76000000	10766.89
15000000	76000000	10260.311
18000000	76000000	11255.267
19000000	76000000	6195.1216
20000000	76000000	4068.931
21000000	76000000	3322.728
22000000	76000000	4717.98
23000000	76000000	4039.4282
24000000	76000000	4182.7026
25000000	76000000	6007.49
26000000	76000000	5824.981
27000000	76000000	4747.402
28000000	76000000	3866.2615
29000000	76000000	3532.929
30000000	76000000	4128.234
31000000	76000000	4140.6523
32000000	76000000	4503.292
33000000	76000000	3724.3088
34000000	76000000	6212.658
35000000	76000000	9680.4795
36000000	76000000	8288.936
37000000	76000000	7499.6978
38000000	76000000	5485.1025
39000000	76000000	4858.3247
40000000	76000000	4597.1562
41000000	76000000	4743.4897
42000000	76000000	3925.57
43000000	76000000	4852.609
44000000	76000000	4838.2183
45000000	76000000	4718.638
46000000	76000000	2873.7598
47000000	76000000	4187.684
48000000	76000000	6078.4873
49000000	76000000	6559.838
50000000	76000000	6978.4707
51000000	76000000	5258.0728
52000000	76000000	4716.434
53000000	76000000	6300.238
54000000	76000000	5661.0376
55000000	76000000	4880.6543
56000000	76000000	3876.511
57000000	76000000	5132.5
58000000	76000000	5625.257
59000000	76000000	6191.4023
60000000	76000000	3787.4092
61000000	76000000	5509.31
62000000	76000000	6682.8267
63000000	76000000	6969.82
64000000	76000000	6440.172
65000000	76000000	6837.1387
66000000	76000000	6552.216
67000000	76000000	7647.3574
68000000	76000000	17808.65
69000000	76000000	21858.348
70000000	76000000	19580.775
71000000	76000000	19628.695
72000000	76000000	17006.617
73000000	76000000	31384.098
74000000	76000000	47675.746
75000000	76000000	221292.56
76000000	76000000	694194.2
0	77000000	15941.057
1000000	77000000	3642.422
2000000	77000000	4684.8037
3000000	77000000	3691.4329
4000000	77000000	2812.05
5000000	77000000	2823.8516
6000000	77000000	3082.45
7000000	77000000	3367.4958
8000000	77000000	3934.8618
9000000	77000000	4468.2344
10000000	77000000	3375.4788
11000000	77000000	3544.3313
12000000	77000000	5325.865
13000000	77000000	8021.911
14000000	77000000	5996.6055
15000000	77000000	3264.8313
18000000	77000000	8665.156
19000000	77000000	7432.85
20000000	77000000	6073.523
21000000	77000000	5934.693
22000000	77000000	4233.6714
23000000	77000000	5055.7246
24000000	77000000	4602.1724
25000000	77000000	3509.397
26000000	77000000	3511.5774
27000000	77000000	2952.4404
28000000	77000000	3567.7356
29000000	77000000	5564.6025
30000000	77000000	3367.6438
31000000	77000000	3870.481
32000000	77000000	5481.555
33000000	77000000	6659.4453
34000000	77000000	6707.8657
35000000	77000000	4901.283
36000000	77000000	5590.6147
37000000	77000000	4050.1128
38000000	77000000	3677.068
39000000	77000000	4903.6924
40000000	77000000	3365.0583
41000000	77000000	3252.0781
42000000	77000000	5218.9985
43000000	77000000	7452.5874
44000000	77000000	6512.321
45000000	77000000	6116.8438
46000000	77000000	6082.8037
47000000	77000000	7362.8
48000000	77000000	7889.4883
49000000	77000000	6142.2334
50000000	77000000	4229.637
51000000	77000000	5612.584
52000000	77000000	4983.3413
53000000	77000000	4659.049
54000000	77000000	6518.507
55000000	77000000	7188.749
56000000	77000000	7445.2266
57000000	77000000	6020.029
58000000	77000000	4279.3706
59000000	77000000	6571.186
60000000	77000000	7498.0127
61000000	77000000	6437.247
62000000	77000000	4801.4697
63000000	77000000	4961.8765
64000000	77000000	5002.2847
65000000	77000000	5559.363
66000000	77000000	5949.01
67000000	77000000	9093.581
68000000	77000000	9557.656
69000000	77000000	9268.378
70000000	77000000	11576.804
71000000	77000000	14167.822
72000000	77000000	20090.96
73000000	77000000	17481.732
74000000	77000000	42630.91
75000000	77000000	54514.81
76000000	77000000	148055.39
77000000	77000000	691493.25
0	78000000	9011.894
1000000	78000000	1064.6259
2000000	78000000	1458.6321
3000000	78000000	1008.7712
4000000	78000000	912.0264
5000000	78000000	1000.60425
6000000	78000000	822.2928
7000000	78000000	984.4626
8000000	78000000	1366.623
9000000	78000000	1296.5731
10000000	78000000	1196.6365
11000000	78000000	1121.8389
12000000	78000000	1674.5747
13000000	78000000	2254.5398
14000000	78000000	1319.1299
15000000	78000000	792.48175
18000000	78000000	2102.3086
19000000	78000000	2074.3938
20000000	78000000	1791.6497
21000000	78000000	1637.7653
22000000	78000000	1257.8726
23000000	78000000	1289.418
24000000	78000000	1305.7087
25000000	78000000	1184.5509
26000000	78000000	789.09357
27000000	78000000	820.13153
28000000	78000000	1031.9507
29000000	78000000	1770.3787
30000000	78000000	977.75916
31000000	78000000	1263.2085
32000000	78000000	1339.2633
33000000	78000000	1976.5831
34000000	78000000	1714.4396
35000000	78000000	1150.1293
36000000	78000000	1277.9325
37000000	78000000	894.94745
38000000	78000000	1077.0298
39000000	78000000	1290.6182
40000000	78000000	1055.4586
41000000	78000000	876.51733
42000000	78000000	1419.838
43000000	78000000	2338.3728
44000000	78000000	1958.9224
45000000	78000000	1592.564
46000000	78000000	2008.178
47000000	78000000	2380.7388
48000000	78000000	2236.8506
49000000	78000000	1731.1918
50000000	78000000	1132.0625
51000000	78000000	1704.9042
52000000	78000000	1385.6136
53000000	78000000	1202.8354
54000000	78000000	1805.3632
55000000	78000000	2180.8318
56000000	78000000	2615.2612
57000000	78000000	1805.3203
58000000	78000000	1477.4255
59000000	78000000	1935.9214
60000000	78000000	2447.2612
61000000	78000000	2121.3706
62000000	78000000	1318.5721
63000000	78000000	1757.3107
64000000	78000000	1917.664
65000000	78000000	1770.1305
66000000	78000000	1891.6532
67000000	78000000	2777.0369
68000000	78000000	2691.8772
69000000	78000000	2515.2383
70000000	78000000	2934.2285
71000000	78000000	3706.6147
72000000	78000000	5054.9497
73000000	78000000	3600.4873
74000000	78000000	8051.3867
75000000	78000000	7719.8667
76000000	78000000	15298.754
77000000	78000000	223899.12
78000000	78000000	1213613.4
