0	0	1347161.9
0	1000000	259074.53
1000000	1000000	1249979.6
0	2000000	46338.66
1000000	2000000	245927.78
2000000	2000000	1307963.6
0	3000000	39179.863
1000000	3000000	69881.79
2000000	3000000	242803.2
3000000	3000000	1181284.0
0	4000000	30269.072
1000000	4000000	41742.082
2000000	4000000	52804.316
3000000	4000000	240825.19
4000000	4000000	1144559.6
0	5000000	23737.834
1000000	5000000	22892.623
2000000	5000000	23795.074
3000000	5000000	64299.074
4000000	5000000	266186.8
5000000	5000000	1174148.1
0	6000000	17553.342
1000000	6000000	19815.434
2000000	6000000	22397.426
3000000	6000000	33159.234
4000000	6000000	55881.867
5000000	6000000	200196.3
6000000	6000000	1281723.5
0	7000000	16279.796
1000000	7000000	16474.963
2000000	7000000	17832.803
3000000	7000000	22983.512
4000000	7000000	31950.787
5000000	7000000	49266.53
6000000	7000000	219805.75
7000000	7000000	1281740.1
0	8000000	18002.201
1000000	8000000	10908.597
2000000	8000000	10199.152
3000000	8000000	16461.207
4000000	8000000	21727.807
5000000	8000000	33259.375
6000000	8000000	42276.426
7000000	8000000	173727.62
8000000	8000000	1034731.3
0	9000000	13830.435
1000000	9000000	5295.492
2000000	9000000	6226.3535
3000000	9000000	8158.686
4000000	9000000	8901.9375
5000000	9000000	15008.344
6000000	9000000	14165.748
7000000	9000000	20972.004
8000000	9000000	171356.25
9000000	9000000	999697.44
0	10000000	16377.958
1000000	10000000	15538.981
2000000	10000000	13391.098
3000000	10000000	15328.359
4000000	10000000	18613.31
5000000	10000000	17598.273
6000000	10000000	22659.186
7000000	10000000	34999.75
8000000	10000000	60240.617
9000000	10000000	123872.85
10000000	10000000	1224989.2
0	11000000	13341.562
1000000	11000000	12716.589
2000000	11000000	13830.672
3000000	11000000	14058.626
4000000	11000000	15711.442
5000000	11000000	12996.014
6000000	11000000	17852.826
7000000	11000000	23105.783
8000000	11000000	25805.791
9000000	11000000	36015.7
10000000	11000000	169791.6
11000000	11000000	1147210.9
0	12000000	11573.47
1000000	12000000	10015.327
2000000	12000000	12686.367
3000000	12000000	10243.272
4000000	12000000	10446.342
5000000	12000000	8770.501
6000000	12000000	13765.534
7000000	12000000	15766.582
8000000	12000000	18740.852
9000000	12000000	39467.24
10000000	12000000	36556.816
11000000	12000000	292537.5
12000000	12000000	1191296.8
0	13000000	13888.548
1000000	13000000	11518.79
2000000	13000000	9722.208
3000000	13000000	14468.465
4000000	13000000	15310.778
5000000	13000000	18733.744
6000000	13000000	13344.961
7000000	13000000	14270.918
8000000	13000000	20486.041
9000000	13000000	18892.506
10000000	13000000	29098.016
11000000	13000000	42116.324
12000000	13000000	129474.79
13000000	13000000	1087228.8
0	14000000	12582.954
1000000	14000000	11252.993
2000000	14000000	10077.515
3000000	14000000	13173.535
4000000	14000000	14825.49
5000000	14000000	15139.685
6000000	14000000	13099.922
7000000	14000000	13842.193
8000000	14000000	15848.58
9000000	14000000	11972.387
10000000	14000000	23203.697
11000000	14000000	28032.86
12000000	14000000	37635.348
13000000	14000000	284716.6
14000000	14000000	1103192.1
0	15000000	11065.4375
1000000	15000000	7415.061
2000000	15000000	6153.0596
3000000	15000000	11471.991
4000000	15000000	11620.587
5000000	15000000	18309.053
6000000	15000000	9465.165
7000000	15000000	9152.985
8000000	15000000	14786.971
9000000	15000000	13159.988
10000000	15000000	14111.222
11000000	15000000	14468.586
12000000	15000000	15569.76
13000000	15000000	95923.04
14000000	15000000	206189.67
15000000	15000000	1129072.8
0	16000000	10156.647
1000000	16000000	9413.507
2000000	16000000	8609.465
3000000	16000000	11542.192
4000000	16000000	12640.172
5000000	16000000	13904.41
6000000	16000000	11253.001
7000000	16000000	11052.679
8000000	16000000	12090.944
9000000	16000000	8401.59
10000000	16000000	15848.1045
11000000	16000000	17010.047
12000000	16000000	16754.969
13000000	16000000	53068.12
14000000	16000000	82979.12
15000000	16000000	275446.16
16000000	16000000	1105328.1
0	17000000	12046.062
1000000	17000000	13105.195
2000000	17000000	10883.071
3000000	17000000	13995.402
4000000	17000000	14859.043
5000000	17000000	13404.26
6000000	17000000	14140.566
7000000	17000000	14229.707
8000000	17000000	11559.229
9000000	17000000	6787.438
10000000	17000000	19217.404
11000000	17000000	20447.258
12000000	17000000	17934.74
13000000	17000000	34724.56
14000000	17000000	44557.49
15000000	17000000	62396.445
16000000	17000000	260930.36
17000000	17000000	1162294.6
0	18000000	13578.436
1000000	18000000	15240.901
2000000	18000000	11603.159
3000000	18000000	13297.526
4000000	18000000	14683.494
5000000	18000000	12042.052
6000000	18000000	14600.912
7000000	18000000	17258.045
8000000	18000000	14640.24
9000000	18000000	7113.222
10000000	18000000	26885.598
11000000	18000000	22410.938
12000000	18000000	16781.162
13000000	18000000	23277.787
14000000	18000000	26590.71
15000000	18000000	23039.785
16000000	18000000	43755.11
17000000	18000000	208037.58
18000000	18000000	1219349.1
0	19000000	10828.244
1000000	19000000	7819.2554
2000000	19000000	6527.161
3000000	19000000	8309.317
4000000	19000000	9371.473
5000000	19000000	8849.932
6000000	19000000	9449.472
7000000	19000000	13783.129
8000000	19000000	23453.328
9000000	19000000	24200.613
10000000	19000000	27268.166
11000000	19000000	20209.102
12000000	19000000	19887.959
13000000	19000000	17384.584
14000000	19000000	18050.547
15000000	19000000	16760.215
16000000	19000000	22098.97
17000000	19000000	33885.33
18000000	19000000	193955.05
19000000	19000000	997195.5
0	20000000	4369.651
1000000	20000000	1547.6785
2000000	20000000	1830.2955
3000000	20000000	1888.2603
4000000	20000000	1924.4244
5000000	20000000	2734.3127
6000000	20000000	2534.4988
7000000	20000000	3107.7568
8000000	20000000	14918.543
9000000	20000000	41497.004
10000000	20000000	5578.384
11000000	20000000	8138.5947
12000000	20000000	14686.943
13000000	20000000	6519.8984
14000000	20000000	5348.4385
15000000	20000000	6912.2495
16000000	20000000	5668.557
17000000	20000000	6388.5894
18000000	20000000	9250.49
19000000	20000000	175784.42
20000000	20000000	860175.6
0	21000000	4675.6616
1000000	21000000	1852.4932
2000000	21000000	2218.253
3000000	21000000	2164.701
4000000	21000000	2259.417
5000000	21000000	2936.9414
6000000	21000000	3052.173
7000000	21000000	3753.7402
8000000	21000000	14784.591
9000000	21000000	38077.105
10000000	21000000	6747.3604
11000000	21000000	9098.723
12000000	21000000	15139.714
13000000	21000000	7065.1387
14000000	21000000	5917.759
15000000	21000000	6541.796
16000000	21000000	5932.1533
17000000	21000000	6195.929
18000000	21000000	8985.174
19000000	21000000	88476.69
20000000	21000000	345871.75
21000000	21000000	849640.94
0	22000000	3633.136
1000000	22000000	1072.8259
2000000	22000000	1295.8315
3000000	22000000	1472.7007
4000000	22000000	1416.2712
5000000	22000000	2300.2358
6000000	22000000	1891.0862
7000000	22000000	2134.2163
8000000	22000000	14260.467
9000000	22000000	36879.5
10000000	22000000	3521.9734
11000000	22000000	5513.159
12000000	22000000	9519.522
13000000	22000000	5464.5674
14000000	22000000	3963.895
15000000	22000000	6085.3965
16000000	22000000	3957.975
17000000	22000000	3800.448
18000000	22000000	4748.049
19000000	22000000	35115.766
20000000	22000000	175625.58
21000000	22000000	244287.05
22000000	22000000	834879.6
0	23000000	4330.181
1000000	23000000	1340.6825
2000000	23000000	1684.6439
3000000	23000000	1774.3175
4000000	23000000	1764.1187
5000000	23000000	2625.1936
6000000	23000000	2385.5461
7000000	23000000	2754.4429
8000000	23000000	14198.405
9000000	23000000	37120.68
10000000	23000000	4789.282
11000000	23000000	7177.088
12000000	23000000	12035.454
13000000	23000000	5950.497
14000000	23000000	4447.3647
15000000	23000000	5615.351
16000000	23000000	4222.544
17000000	23000000	3997.661
18000000	23000000	5495.176
19000000	23000000	34458.445
20000000	23000000	96318.695
21000000	23000000	116209.96
22000000	23000000	249529.02
23000000	23000000	834793.94
0	24000000	3747.5728
1000000	24000000	1096.0984
2000000	24000000	1436.7825
3000000	24000000	1489.5521
4000000	24000000	1600.1658
5000000	24000000	2392.4595
6000000	24000000	1945.9055
7000000	24000000	2324.787
8000000	24000000	12466.46
9000000	24000000	29930.225
10000000	24000000	3968.0024
11000000	24000000	5588.7456
12000000	24000000	9177.181
13000000	24000000	5196.3564
14000000	24000000	3853.6558
15000000	24000000	4964.436
16000000	24000000	3584.831
17000000	24000000	3260.5579
18000000	24000000	4036.2412
19000000	24000000	22129.057
20000000	24000000	60378.766
21000000	24000000	70656.414
22000000	24000000	140506.03
23000000	24000000	334055.97
24000000	24000000	1067117.0
0	27000000	3963.6116
1000000	27000000	1566.3867
2000000	27000000	1576.9667
3000000	27000000	1631.216
4000000	27000000	1849.3525
5000000	27000000	2686.5647
6000000	27000000	1996.69
7000000	27000000	2231.9617
8000000	27000000	12545.344
9000000	27000000	28770.494
10000000	27000000	2951.8716
11000000	27000000	4666.302
12000000	27000000	8171.406
13000000	27000000	4307.672
14000000	27000000	3216.7808
15000000	27000000	4565.5273
16000000	27000000	3183.6963
17000000	27000000	3234.6821
18000000	27000000	3468.02
19000000	27000000	10648.772
20000000	27000000	40926.266
21000000	27000000	36508.684
22000000	27000000	80482.67
23000000	27000000	66664.63
24000000	27000000	91719.39
27000000	27000000	1019483.75
0	28000000	3099.2048
1000000	28000000	753.1541
2000000	28000000	873.5215
3000000	28000000	1019.1151
4000000	28000000	1051.3788
5000000	28000000	2064.9563
6000000	28000000	1251.1678
7000000	28000000	1535.0731
8000000	28000000	10978.112
9000000	28000000	21689.518
10000000	28000000	2772.5073
11000000	28000000	2892.0127
12000000	28000000	4117.454
13000000	28000000	3844.9111
14000000	28000000	2498.7297
15000000	28000000	4026.9521
16000000	28000000	2217.4255
17000000	28000000	1860.2303
18000000	28000000	2050.226
19000000	28000000	8288.818
20000000	28000000	25774.604
21000000	28000000	23861.076
22000000	28000000	39464.332
23000000	28000000	33730.637
24000000	28000000	32916.44
27000000	28000000	209341.9
28000000	28000000	942932.56
0	29000000	3274.831
1000000	29000000	749.5697
2000000	29000000	766.9388
3000000	29000000	1051.5073
4000000	29000000	1098.0913
5000000	29000000	2381.8738
6000000	29000000	1258.1211
7000000	29000000	1450.6174
8000000	29000000	11627.191
9000000	29000000	20131.271
10000000	29000000	2772.9438
11000000	29000000	2464.135
12000000	29000000	3265.2795
13000000	29000000	4127.6
14000000	29000000	2493.8315
15000000	29000000	4597.8115
16000000	29000000	2318.0186
17000000	29000000	1751.942
18000000	29000000	1984.0806
19000000	29000000	7405.6567
20000000	29000000	21842.787
21000000	29000000	19713.8
22000000	29000000	33064.418
23000000	29000000	28232.59
24000000	29000000	27477.318
27000000	29000000	119102.836
28000000	29000000	285120.84
29000000	29000000	855716.2
0	30000000	4739.008
1000000	30000000	1862.9459
2000000	30000000	1604.4713
3000000	30000000	2099.2537
4000000	30000000	2547.4028
5000000	30000000	4059.0156
6000000	30000000	2639.3071
7000000	30000000	3456.2334
8000000	30000000	14318.826
9000000	30000000	12429.323
10000000	30000000	6701.21
11000000	30000000	3768.3599
12000000	30000000	3470.067
13000000	30000000	6482.0728
14000000	30000000	5134.5073
15000000	30000000	7063.361
16000000	30000000	4646.7085
17000000	30000000	3961.8428
18000000	30000000	5198.514
19000000	30000000	12943.45
20000000	30000000	10997.663
21000000	30000000	12292.301
22000000	30000000	11366.399
23000000	30000000	14066.349
24000000	30000000	14528.479
27000000	30000000	30597.951
28000000	30000000	72177.7
29000000	30000000	185483.81
30000000	30000000	983520.0
0	31000000	2708.4285
1000000	31000000	723.2026
2000000	31000000	615.8588
3000000	31000000	992.53406
4000000	31000000	969.02496
5000000	31000000	2217.8953
6000000	31000000	1050.0276
7000000	31000000	1159.0524
8000000	31000000	10033.074
9000000	31000000	16662.021
10000000	31000000	2155.903
11000000	31000000	1865.6208
12000000	31000000	2450.608
13000000	31000000	3684.8667
14000000	31000000	2311.763
15000000	31000000	4455.8955
16000000	31000000	2051.0461
17000000	31000000	1586.3368
18000000	31000000	1615.5399
19000000	31000000	5462.307
20000000	31000000	18213.803
21000000	31000000	15514.831
22000000	31000000	29922.906
23000000	31000000	23353.352
24000000	31000000	23103.635
27000000	31000000	63695.93
28000000	31000000	90718.73
29000000	31000000	135454.33
30000000	31000000	194487.52
31000000	31000000	843217.2
0	32000000	3364.5066
1000000	32000000	1012.349
2000000	32000000	865.1249
3000000	32000000	1319.6647
4000000	32000000	1424.3523
5000000	32000000	2719.355
6000000	32000000	1441.1818
7000000	32000000	1837.7126
8000000	32000000	11182.077
9000000	32000000	16520.975
10000000	32000000	3283.1348
11000000	32000000	2486.5232
12000000	32000000	2809.8596
13000000	32000000	4156.659
14000000	32000000	3015.3252
15000000	32000000	4887.0503
16000000	32000000	2588.1814
17000000	32000000	2237.6995
18000000	32000000	2444.3147
19000000	32000000	7607.1177
20000000	32000000	18060.156
21000000	32000000	15979.348
22000000	32000000	27451.244
23000000	32000000	22848.908
24000000	32000000	22027.232
27000000	32000000	53369.746
28000000	32000000	71902.16
29000000	32000000	98482.25
30000000	32000000	118217.86
31000000	32000000	345891.88
32000000	32000000	826358.7
0	33000000	4987.2344
1000000	33000000	2131.8782
2000000	33000000	1837.3044
3000000	33000000	2802.35
4000000	33000000	3466.7668
5000000	33000000	5266.234
6000000	33000000	3107.2793
7000000	33000000	4346.415
8000000	33000000	12793.599
9000000	33000000	8894.021
10000000	33000000	6863.862
11000000	33000000	3993.3489
12000000	33000000	3208.1045
13000000	33000000	6940.0806
14000000	33000000	5813.62
15000000	33000000	8333.327
16000000	33000000	5787.7856
17000000	33000000	4982.9175
18000000	33000000	6595.279
19000000	33000000	13028.815
20000000	33000000	6963.6597
21000000	33000000	8055.249
22000000	33000000	6377.571
23000000	33000000	8459.979
24000000	33000000	8852.012
27000000	33000000	13001.531
28000000	33000000	23816.021
29000000	33000000	35534.246
30000000	33000000	94726.78
31000000	33000000	75004.47
32000000	33000000	172729.64
33000000	33000000	1016038.25
0	34000000	5310.5947
1000000	34000000	2382.8171
2000000	34000000	2053.0073
3000000	34000000	3174.1157
4000000	34000000	3744.9407
5000000	34000000	5961.821
6000000	34000000	3421.4062
7000000	34000000	4512.3315
8000000	34000000	14056.613
9000000	34000000	9947.43
10000000	34000000	7887.4067
11000000	34000000	4627.415
12000000	34000000	3588.354
13000000	34000000	7915.942
14000000	34000000	6378.5083
15000000	34000000	9587.751
16000000	34000000	6431.655
17000000	34000000	5318.314
18000000	34000000	7185.405
19000000	34000000	12404.748
20000000	34000000	6792.852
21000000	34000000	7459.161
22000000	34000000	7232.08
23000000	34000000	8429.949
24000000	34000000	8600.436
27000000	34000000	13798.08
28000000	34000000	22787.318
29000000	34000000	33131.086
30000000	34000000	63070.57
31000000	34000000	50320.35
32000000	34000000	68106.37
33000000	34000000	283970.2
34000000	34000000	1023414.94
0	35000000	8281.535
1000000	35000000	4506.74
2000000	35000000	4187.174
3000000	35000000	4806.148
4000000	35000000	5216.936
5000000	35000000	5724.957
6000000	35000000	5759.399
7000000	35000000	7970.412
8000000	35000000	16650.184
9000000	35000000	17420.344
10000000	35000000	12224.568
11000000	35000000	8805.526
12000000	35000000	7722.456
13000000	35000000	8432.029
14000000	35000000	7636.2266
15000000	35000000	7379.9717
16000000	35000000	7231.9756
17000000	35000000	7995.0596
18000000	35000000	11280.27
19000000	35000000	18848.25
20000000	35000000	12158.017
21000000	35000000	12836.636
22000000	35000000	10432.317
23000000	35000000	12804.463
24000000	35000000	11769.852
27000000	35000000	14546.618
28000000	35000000	19956.744
29000000	35000000	22858.283
30000000	35000000	30633.127
31000000	35000000	25914.986
32000000	35000000	32626.27
33000000	35000000	54295.156
34000000	35000000	146189.17
35000000	35000000	991173.06
0	36000000	9545.1045
1000000	36000000	6365.008
2000000	36000000	4985.654
3000000	36000000	6032.278
4000000	36000000	6342.6377
5000000	36000000	5860.076
6000000	36000000	6305.7646
7000000	36000000	8536.15
8000000	36000000	16086.697
9000000	36000000	16290.058
10000000	36000000	15798.39
11000000	36000000	11317.278
12000000	36000000	10422.495
13000000	36000000	8011.22
14000000	36000000	7665.5664
15000000	36000000	5918.0835
16000000	36000000	6862.4043
17000000	36000000	9314.256
18000000	36000000	13875.896
19000000	36000000	22313.39
20000000	36000000	9641.3955
21000000	36000000	10682.425
22000000	36000000	7368.259
23000000	36000000	10061.186
24000000	36000000	8698.527
27000000	36000000	12321.137
28000000	36000000	11332.954
29000000	36000000	10899.099
30000000	36000000	16048.978
31000000	36000000	10564.238
32000000	36000000	14444.849
33000000	36000000	22894.402
34000000	36000000	34315.758
35000000	36000000	211221.22
36000000	36000000	947700.5
0	37000000	5240.7085
1000000	37000000	2115.1672
2000000	37000000	2670.7944
3000000	37000000	2243.4731
4000000	37000000	2174.106
5000000	37000000	2357.5156
6000000	37000000	2865.2031
7000000	37000000	3469.5889
8000000	37000000	11839.14
9000000	37000000	31232.068
10000000	37000000	5194.5796
11000000	37000000	8753.208
12000000	37000000	15883.542
13000000	37000000	4070.241
14000000	37000000	3467.3606
15000000	37000000	3018.7021
16000000	37000000	2872.3306
17000000	37000000	3127.5078
18000000	37000000	3842.626
19000000	37000000	15872.094
20000000	37000000	25367.818
21000000	37000000	25583.236
22000000	37000000	21152.27
23000000	37000000	25940.092
24000000	37000000	20523.127
27000000	37000000	30214.143
28000000	37000000	22360.645
29000000	37000000	19095.223
30000000	37000000	12466.089
31000000	37000000	17818.459
32000000	37000000	19730.342
33000000	37000000	12439.946
34000000	37000000	16062.446
35000000	37000000	48511.43
36000000	37000000	222733.16
37000000	37000000	981024.9
0	38000000	6343.1597
1000000	38000000	3517.1802
2000000	38000000	3239.4758
3000000	38000000	3939.7195
4000000	38000000	4358.1523
5000000	38000000	4705.9517
6000000	38000000	4617.676
7000000	38000000	5806.96
8000000	38000000	13551.895
9000000	38000000	15650.478
10000000	38000000	8653.124
11000000	38000000	7878.1313
12000000	38000000	8392.273
13000000	38000000	7009.3613
14000000	38000000	6086.102
15000000	38000000	5386.6367
16000000	38000000	5380.203
17000000	38000000	5778.3726
18000000	38000000	8019.8477
19000000	38000000	14039.352
20000000	38000000	10216.127
21000000	38000000	10902.81
22000000	38000000	8522.248
23000000	38000000	10946.209
24000000	38000000	9596.773
27000000	38000000	13400.799
28000000	38000000	13172.995
29000000	38000000	12986.37
30000000	38000000	17349.896
31000000	38000000	12653.979
32000000	38000000	15225.501
33000000	38000000	21656.764
34000000	38000000	25973.656
35000000	38000000	42813.516
36000000	38000000	85686.49
37000000	38000000	211477.1
38000000	38000000	954990.7
0	39000000	7895.319
1000000	39000000	6954.75
2000000	39000000	5606.7134
3000000	39000000	7200.856
4000000	39000000	7991.501
5000000	39000000	7464.2954
6000000	39000000	7599.1694
7000000	39000000	9114.315
8000000	39000000	10149.95
9000000	39000000	4430.3086
10000000	39000000	11977.791
11000000	39000000	8581.646
12000000	39000000	6185.4575
13000000	39000000	8729.452
14000000	39000000	8446.484
15000000	39000000	7105.343
16000000	39000000	8293.958
17000000	39000000	10313.385
18000000	39000000	13812.441
19000000	39000000	12707.916
20000000	39000000	2162.6917
21000000	39000000	2622.3901
22000000	39000000	1479.858
23000000	39000000	2185.0945
24000000	39000000	1831.0188
27000000	39000000	2964.9465
28000000	39000000	3438.992
29000000	39000000	3643.3857
30000000	39000000	8230.243
31000000	39000000	3652.5266
32000000	39000000	5125.2354
33000000	39000000	12251.808
34000000	39000000	14206.075
35000000	39000000	23804.861
36000000	39000000	39763.62
37000000	39000000	19421.467
38000000	39000000	213567.48
39000000	39000000	1129311.9
0	40000000	7496.7114
1000000	40000000	6615.121
2000000	40000000	5957.427
3000000	40000000	7643.714
4000000	40000000	8118.719
5000000	40000000	7759.557
6000000	40000000	7700.9497
7000000	40000000	8615.776
8000000	40000000	8354.4795
9000000	40000000	5043.0522
10000000	40000000	9261.92
11000000	40000000	8868.802
12000000	40000000	7724.7876
13000000	40000000	8620.494
14000000	40000000	8518.634
15000000	40000000	7486.0996
16000000	40000000	8256.887
17000000	40000000	9920.027
18000000	40000000	11301.536
19000000	40000000	9782.476
20000000	40000000	2390.4111
21000000	40000000	3162.2466
22000000	40000000	1840.9034
23000000	40000000	2657.8447
24000000	40000000	2353.6387
27000000	40000000	3307.8325
28000000	40000000	3496.5098
29000000	40000000	3728.6406
30000000	40000000	6964.6177
31000000	40000000	3592.6848
32000000	40000000	4562.28
33000000	40000000	9544.614
34000000	40000000	11154.919
35000000	40000000	17301.771
36000000	40000000	24237.004
37000000	40000000	16951.535
38000000	40000000	48000.668
39000000	40000000	229178.67
40000000	40000000	1130354.4
0	41000000	7997.4185
1000000	41000000	6333.3833
2000000	41000000	4963.605
3000000	41000000	7514.3486
4000000	41000000	8145.676
5000000	41000000	9599.724
6000000	41000000	6409.1816
7000000	41000000	6829.2554
8000000	41000000	8876.221
9000000	41000000	5266.93
10000000	41000000	8389.56
11000000	41000000	6766.0845
12000000	41000000	5114.9746
13000000	41000000	10979.561
14000000	41000000	9223.083
15000000	41000000	11196.483
16000000	41000000	9616.699
17000000	41000000	9768.675
18000000	41000000	10143.246
19000000	41000000	8587.087
20000000	41000000	2164.0176
21000000	41000000	2494.2021
22000000	41000000	1984.2385
23000000	41000000	2472.1746
24000000	41000000	2316.2698
27000000	41000000	3545.0151
28000000	41000000	4464.5684
29000000	41000000	5463.202
30000000	41000000	9814.94
31000000	41000000	5616.7188
32000000	41000000	6811.3823
33000000	41000000	13325.969
34000000	41000000	16576.324
35000000	41000000	16396.514
36000000	41000000	18608.91
37000000	41000000	10092.441
38000000	41000000	30262.1
39000000	41000000	60391.56
40000000	41000000	231940.3
41000000	41000000	1059445.5
0	42000000	8746.866
1000000	42000000	6738.0483
2000000	42000000	5077.5146
3000000	42000000	7572.759
4000000	42000000	8435.407
5000000	42000000	9229.384
6000000	42000000	6608.363
7000000	42000000	7635.607
8000000	42000000	10221.798
9000000	42000000	5084.0874
10000000	42000000	10032.939
11000000	42000000	6556.5273
12000000	42000000	5104.8535
13000000	42000000	10421.357
14000000	42000000	9639.387
15000000	42000000	10556.045
16000000	42000000	9492.834
17000000	42000000	9282.931
18000000	42000000	11016.798
19000000	42000000	10573.67
20000000	42000000	2063.9355
21000000	42000000	2692.253
22000000	42000000	1653.5278
23000000	42000000	2346.9348
24000000	42000000	2114.801
27000000	42000000	2921.0347
28000000	42000000	3832.3723
29000000	42000000	4569.601
30000000	42000000	11052.346
31000000	42000000	4421.561
32000000	42000000	6287.873
33000000	42000000	15782.6875
34000000	42000000	17740.607
35000000	42000000	18288.613
36000000	42000000	21326.393
37000000	42000000	8487.678
38000000	42000000	28255.85
39000000	42000000	47961.367
40000000	42000000	63844.05
41000000	42000000	237353.66
42000000	42000000	1041871.1
0	43000000	6196.0654
1000000	43000000	2407.4807
2000000	43000000	1977.0333
3000000	43000000	3656.566
4000000	43000000	3888.7324
5000000	43000000	7460.5737
6000000	43000000	3241.102
7000000	43000000	3354.491
8000000	43000000	12756.98
9000000	43000000	13025.538
10000000	43000000	5443.143
11000000	43000000	3603.1667
12000000	43000000	3332.6091
13000000	43000000	9651.717
14000000	43000000	6739.57
15000000	43000000	12668.7295
16000000	43000000	6400.417
17000000	43000000	4398.1274
18000000	43000000	3973.0723
19000000	43000000	6719.5684
20000000	43000000	7405.62
21000000	43000000	6822.91
22000000	43000000	8611.539
23000000	43000000	8489.494
24000000	43000000	8539.162
27000000	43000000	13058.783
28000000	43000000	17637.46
29000000	43000000	21779.709
30000000	43000000	26250.746
31000000	43000000	23618.627
32000000	43000000	23836.363
33000000	43000000	29250.252
34000000	43000000	35414.035
35000000	43000000	22722.922
36000000	43000000	15006.018
37000000	43000000	15709.298
38000000	43000000	30492.74
39000000	43000000	20649.383
40000000	43000000	25384.684
41000000	43000000	64905.58
42000000	43000000	189393.33
43000000	43000000	971466.94
0	44000000	7903.2495
1000000	44000000	3943.9634
2000000	44000000	4432.451
3000000	44000000	4639.0615
4000000	44000000	5017.4355
5000000	44000000	5154.5117
6000000	44000000	4900.985
7000000	44000000	5834.873
8000000	44000000	12968.966
9000000	44000000	19117.25
10000000	44000000	8446.66
11000000	44000000	9050.738
12000000	44000000	11607.277
13000000	44000000	7247.9053
14000000	44000000	6733.929
15000000	44000000	5788.189
16000000	44000000	5521.7173
17000000	44000000	5280.839
18000000	44000000	6169.85
19000000	44000000	12275.542
20000000	44000000	11007.02
21000000	44000000	12278.267
22000000	44000000	9102.892
23000000	44000000	12079.572
24000000	44000000	10503.729
27000000	44000000	11639.856
28000000	44000000	12512.552
29000000	44000000	11665.719
30000000	44000000	13500.729
31000000	44000000	10076.569
32000000	44000000	12030.046
33000000	44000000	13122.018
34000000	44000000	15203.064
35000000	44000000	23296.947
36000000	44000000	23511.543
37000000	44000000	36491.727
38000000	44000000	29746.303
39000000	44000000	16822.08
40000000	44000000	23770.354
41000000	44000000	29069.053
42000000	44000000	45814.69
43000000	44000000	193324.98
44000000	44000000	1026318.2
0	45000000	9216.508
1000000	45000000	7453.5894
2000000	45000000	6019.682
3000000	45000000	7524.9663
4000000	45000000	8357.134
5000000	45000000	7709.246
6000000	45000000	7249.549
7000000	45000000	8491.349
8000000	45000000	12705.539
9000000	45000000	8247.366
10000000	45000000	11953.783
11000000	45000000	9126.242
12000000	45000000	7388.6313
13000000	45000000	9555.388
14000000	45000000	8760.59
15000000	45000000	7431.169
16000000	45000000	8002.671
17000000	45000000	9276.863
18000000	45000000	11517.379
19000000	45000000	12557.687
20000000	45000000	3856.6653
21000000	45000000	4356.4966
22000000	45000000	3095.1267
23000000	45000000	4099.9106
24000000	45000000	3638.7874
27000000	45000000	4677.889
28000000	45000000	5614.8433
29000000	45000000	6016.9927
30000000	45000000	10579.792
31000000	45000000	5592.204
32000000	45000000	7089.585
33000000	45000000	12179.135
34000000	45000000	14063.9375
35000000	45000000	17426.457
36000000	45000000	19629.326
37000000	45000000	11607.291
38000000	45000000	20541.46
39000000	45000000	21552.262
40000000	45000000	22154.941
41000000	45000000	29792.602
42000000	45000000	45036.5
43000000	45000000	60634.33
44000000	45000000	160228.48
45000000	45000000	1091812.9
0	46000000	9402.138
1000000	46000000	9211.278
2000000	46000000	7228.2104
3000000	46000000	10105.455
4000000	46000000	10689.359
5000000	46000000	11067.499
6000000	46000000	8218.086
7000000	46000000	8245.236
8000000	46000000	8073.2065
9000000	46000000	4022.2615
10000000	46000000	9921.869
11000000	46000000	8177.6084
12000000	46000000	5969.1665
13000000	46000000	10910.173
14000000	46000000	10017.797
15000000	46000000	10696.443
16000000	46000000	9823.499
17000000	46000000	11227.252
18000000	46000000	11917.515
19000000	46000000	8378.163
20000000	46000000	1622.8784
21000000	46000000	1926.7021
22000000	46000000	1378.6707
23000000	46000000	1785.6157
24000000	46000000	1520.3495
27000000	46000000	2480.5374
28000000	46000000	2811.9202
29000000	46000000	3255.661
30000000	46000000	6431.5205
31000000	46000000	3321.5027
32000000	46000000	4207.5938
33000000	46000000	8761.526
34000000	46000000	10128.596
35000000	46000000	10667.905
36000000	46000000	12664.768
37000000	46000000	5398.248
38000000	46000000	11824.618
39000000	46000000	18481.355
40000000	46000000	19706.133
41000000	46000000	27628.799
42000000	46000000	34028.992
43000000	46000000	29453.072
44000000	46000000	31283.953
45000000	46000000	179035.22
46000000	46000000	1139763.6
0	47000000	8039.1025
1000000	47000000	8554.221
2000000	47000000	7068.4043
3000000	47000000	9041.99
4000000	47000000	10704.461
5000000	47000000	8944.82
6000000	47000000	8016.3887
7000000	47000000	7789.55
8000000	47000000	7035.8647
9000000	47000000	3009.432
10000000	47000000	8973.743
11000000	47000000	7986.5444
12000000	47000000	5740.0703
13000000	47000000	8583.283
14000000	47000000	9157.282
15000000	47000000	7216.007
16000000	47000000	8680.081
17000000	47000000	10132.471
18000000	47000000	10744.709
19000000	47000000	7290.743
20000000	47000000	1263.4326
21000000	47000000	1645.3065
22000000	47000000	995.8383
23000000	47000000	1361.0851
24000000	47000000	1161.3231
27000000	47000000	1898.22
28000000	47000000	1761.3423
29000000	47000000	1848.4899
30000000	47000000	4497.6377
31000000	47000000	1889.1261
32000000	47000000	2700.7646
33000000	47000000	6583.6636
34000000	47000000	7542.172
35000000	47000000	8562.215
36000000	47000000	10143.5
37000000	47000000	4404.3745
38000000	47000000	9463.448
39000000	47000000	15346.632
40000000	47000000	15845.083
41000000	47000000	19264.295
42000000	47000000	22947.742
43000000	47000000	15233.681
44000000	47000000	18892.5
45000000	47000000	47702.99
46000000	47000000	218623.14
47000000	47000000	1205027.4
0	48000000	9619.641
1000000	48000000	8007.126
2000000	48000000	6181.861
3000000	48000000	9842.488
4000000	48000000	10390.649
5000000	48000000	11143.519
6000000	48000000	7569.2314
7000000	48000000	7068.9277
8000000	48000000	8328.212
9000000	48000000	5238.46
10000000	48000000	8193.872
11000000	48000000	7028.683
12000000	48000000	5339.523
13000000	48000000	10441.668
14000000	48000000	9326.523
15000000	48000000	10548.288
16000000	48000000	9132.088
17000000	48000000	9541.301
18000000	48000000	8954.595
19000000	48000000	7062.7803
20000000	48000000	2078.4495
21000000	48000000	2463.091
22000000	48000000	1954.2845
23000000	48000000	2308.8198
24000000	48000000	2240.2327
27000000	48000000	3150.3506
28000000	48000000	3599.429
29000000	48000000	4047.8843
30000000	48000000	6782.574
31000000	48000000	4087.8337
32000000	48000000	5007.5483
33000000	48000000	8984.573
34000000	48000000	10138.395
35000000	48000000	9953.189
36000000	48000000	10752.502
37000000	48000000	5567.848
38000000	48000000	10744.229
39000000	48000000	14326.342
40000000	48000000	15367.681
41000000	48000000	20808.879
42000000	48000000	23116.229
43000000	48000000	23782.367
44000000	48000000	20841.922
45000000	48000000	35331.043
46000000	48000000	74059.71
47000000	48000000	243261.98
48000000	48000000	1103539.0
0	49000000	12072.848
1000000	49000000	12532.86
2000000	49000000	9717.246
3000000	49000000	11891.452
4000000	49000000	12556.922
5000000	49000000	9813.351
6000000	49000000	9659.797
7000000	49000000	9963.032
8000000	49000000	8208.768
9000000	49000000	3995.9766
10000000	49000000	10658.636
11000000	49000000	9669.93
12000000	49000000	7777.4595
13000000	49000000	9303.987
14000000	49000000	9555.765
15000000	49000000	7093.17
16000000	49000000	8822.19
17000000	49000000	11928.885
18000000	49000000	13023.892
19000000	49000000	8447.833
20000000	49000000	1532.9373
21000000	49000000	1952.1788
22000000	49000000	1072.4651
23000000	49000000	1610.7246
24000000	49000000	1418.1538
27000000	49000000	2015.7002
28000000	49000000	1702.9956
29000000	49000000	1884.5695
30000000	49000000	4116.7183
31000000	49000000	1825.0671
32000000	49000000	2428.0723
33000000	49000000	5435.538
34000000	49000000	6037.137
35000000	49000000	9382.408
36000000	49000000	11982.797
37000000	49000000	4876.412
38000000	49000000	9314.203
39000000	49000000	15725.071
40000000	49000000	15981.5625
41000000	49000000	16665.455
42000000	49000000	19598.023
43000000	49000000	10413.7295
44000000	49000000	15009.568
45000000	49000000	28277.102
46000000	49000000	41652.906
47000000	49000000	55022.016
48000000	49000000	206577.12
49000000	49000000	1207947.8
0	50000000	13966.282
1000000	50000000	11279.693
2000000	50000000	8200.416
3000000	50000000	10439.285
4000000	50000000	10866.147
5000000	50000000	10377.223
6000000	50000000	9602.83
7000000	50000000	9952.274
8000000	50000000	11045.122
9000000	50000000	6894.648
10000000	50000000	12647.7295
11000000	50000000	9434.66
12000000	50000000	7613.4624
13000000	50000000	11012.501
14000000	50000000	10115.997
15000000	50000000	9144.342
16000000	50000000	9103.985
17000000	50000000	10891.728
18000000	50000000	12687.184
19000000	50000000	9906.692
20000000	50000000	2475.24
21000000	50000000	3094.4836
22000000	50000000	2086.614
23000000	50000000	2633.9148
24000000	50000000	2389.8743
27000000	50000000	3179.6301
28000000	50000000	3875.6926
29000000	50000000	4004.72
30000000	50000000	7298.8267
31000000	50000000	3733.0156
32000000	50000000	4657.2734
33000000	50000000	8491.229
34000000	50000000	9983.8
35000000	50000000	13451.071
36000000	50000000	15403.834
37000000	50000000	6576.9824
38000000	50000000	11909.1045
39000000	50000000	17761.9
40000000	50000000	17255.506
41000000	50000000	19854.52
42000000	50000000	23652.857
43000000	50000000	18180.7
44000000	50000000	19449.502
45000000	50000000	29679.262
46000000	50000000	34798.793
47000000	50000000	33106.617
48000000	50000000	56902.574
49000000	50000000	200644.86
50000000	50000000	1053387.5
0	51000000	10305.754
1000000	51000000	5154.8037
2000000	51000000	4054.7507
3000000	51000000	6698.0356
4000000	51000000	6814.2954
5000000	51000000	9446.646
6000000	51000000	5983.6836
7000000	51000000	7236.7163
8000000	51000000	14786.886
9000000	51000000	9730.169
10000000	51000000	10149.594
11000000	51000000	6559.2197
12000000	51000000	4980.416
13000000	51000000	11261.511
14000000	51000000	8248.125
15000000	51000000	11278.981
16000000	51000000	8021.107
17000000	51000000	7554.1787
18000000	51000000	8651.008
19000000	51000000	10515.455
20000000	51000000	3699.7178
21000000	51000000	4075.7302
22000000	51000000	3459.7292
23000000	51000000	4108.175
24000000	51000000	3937.3135
27000000	51000000	5446.9746
28000000	51000000	7691.3057
29000000	51000000	9285.638
30000000	51000000	15173.41
31000000	51000000	8591.569
32000000	51000000	9952.727
33000000	51000000	16836.018
34000000	51000000	19676.854
35000000	51000000	17549.346
36000000	51000000	15811.648
37000000	51000000	7897.2856
38000000	51000000	19244.99
39000000	51000000	17522.36
40000000	51000000	15487.508
41000000	51000000	22560.846
42000000	51000000	26706.566
43000000	51000000	35383.418
44000000	51000000	21866.742
45000000	51000000	28295.832
46000000	51000000	27788.936
47000000	51000000	20450.223
48000000	51000000	35290.137
49000000	51000000	37119.28
50000000	51000000	229558.44
51000000	51000000	997682.94
0	52000000	6882.294
1000000	52000000	2792.5176
2000000	52000000	3127.4668
3000000	52000000	3109.5708
4000000	52000000	3072.47
5000000	52000000	3541.1592
6000000	52000000	3635.2124
7000000	52000000	4456.7583
8000000	52000000	12730.333
9000000	52000000	24275.34
10000000	52000000	6622.5527
11000000	52000000	8407.382
12000000	52000000	13179.107
13000000	52000000	5317.6694
14000000	52000000	4325.89
15000000	52000000	3984.872
16000000	52000000	3569.5713
17000000	52000000	3770.4375
18000000	52000000	4386.944
19000000	52000000	12359.038
20000000	52000000	15062.846
21000000	52000000	15175.337
22000000	52000000	12714.497
23000000	52000000	15549.537
24000000	52000000	12605.002
27000000	52000000	17719.256
28000000	52000000	14576.172
29000000	52000000	12732.131
30000000	52000000	10395.953
31000000	52000000	10464.21
32000000	52000000	11500.448
33000000	52000000	8832.9795
34000000	52000000	9705.043
35000000	52000000	16727.182
36000000	52000000	17824.02
37000000	52000000	36171.21
38000000	52000000	20898.977
39000000	52000000	7852.4917
40000000	52000000	9264.046
41000000	52000000	8673.957
42000000	52000000	9415.197
43000000	52000000	17737.705
44000000	52000000	30326.03
45000000	52000000	16130.71
46000000	52000000	9774.519
47000000	52000000	8267.684
48000000	52000000	13271.714
49000000	52000000	13582.927
50000000	52000000	33541.945
51000000	52000000	176262.55
52000000	52000000	868756.7
0	53000000	5907.8174
1000000	53000000	2714.6228
2000000	53000000	2947.4841
3000000	53000000	2552.0586
4000000	53000000	2500.163
5000000	53000000	2572.463
6000000	53000000	3248.562
7000000	53000000	4097.1377
8000000	53000000	11930.947
9000000	53000000	26357.033
10000000	53000000	6043.291
11000000	53000000	8329.558
12000000	53000000	13021.503
13000000	53000000	4108.709
14000000	53000000	3571.2969
15000000	53000000	2802.9592
16000000	53000000	2860.2263
17000000	53000000	3055.25
18000000	53000000	3888.7163
19000000	53000000	12187.987
20000000	53000000	17558.076
21000000	53000000	18075.611
22000000	53000000	14846.262
23000000	53000000	18354.516
24000000	53000000	15127.521
27000000	53000000	20358.438
28000000	53000000	15422.782
29000000	53000000	12391.696
30000000	53000000	8423.277
31000000	53000000	9872.194
32000000	53000000	10537.887
33000000	53000000	6474.8496
34000000	53000000	6911.0903
35000000	53000000	15392.038
36000000	53000000	16854.158
37000000	53000000	36043.414
38000000	53000000	17448.54
39000000	53000000	5740.0903
40000000	53000000	7192.0
41000000	53000000	5895.608
42000000	53000000	6111.0547
43000000	53000000	11751.065
44000000	53000000	26524.04
45000000	53000000	11327.254
46000000	53000000	6529.527
47000000	53000000	6092.6504
48000000	53000000	8713.531
49000000	53000000	9383.214
50000000	53000000	16942.693
51000000	53000000	30231.766
52000000	53000000	322621.84
53000000	53000000	919453.25
0	54000000	8569.32
1000000	54000000	3378.2102
2000000	54000000	2908.3403
3000000	54000000	3512.1443
4000000	54000000	3485.7725
5000000	54000000	4148.52
6000000	54000000	3697.8962
7000000	54000000	4579.863
8000000	54000000	16306.045
9000000	54000000	25849.803
10000000	54000000	8184.2256
11000000	54000000	6305.218
12000000	54000000	7405.467
13000000	54000000	6214.4717
14000000	54000000	4698.9585
15000000	54000000	5161.2856
16000000	54000000	4037.1255
17000000	54000000	4073.31
18000000	54000000	5168.536
19000000	54000000	10967.159
20000000	54000000	15165.262
21000000	54000000	13805.686
22000000	54000000	16422.271
23000000	54000000	15812.014
24000000	54000000	13758.171
27000000	54000000	24505.773
28000000	54000000	20400.334
29000000	54000000	19232.023
30000000	54000000	13742.738
31000000	54000000	16739.805
32000000	54000000	16608.002
33000000	54000000	10817.14
34000000	54000000	12530.08
35000000	54000000	18346.943
36000000	54000000	17855.947
37000000	54000000	24639.488
38000000	54000000	16462.9
39000000	54000000	8096.4805
40000000	54000000	7827.621
41000000	54000000	9353.959
42000000	54000000	10718.702
43000000	54000000	21188.234
44000000	54000000	22543.832
45000000	54000000	14836.71
46000000	54000000	9355.8955
47000000	54000000	7371.0366
48000000	54000000	11981.648
49000000	54000000	10628.756
50000000	54000000	23067.12
51000000	54000000	43378.344
52000000	54000000	105695.72
53000000	54000000	239382.9
54000000	54000000	833578.2
0	55000000	11704.771
1000000	55000000	6049.7446
2000000	55000000	4363.21
3000000	55000000	5377.8154
4000000	55000000	5594.8984
5000000	55000000	6165.423
6000000	55000000	5444.123
7000000	55000000	7201.772
8000000	55000000	15820.759
9000000	55000000	14228.652
10000000	55000000	12530.992
11000000	55000000	7142.9756
12000000	55000000	5905.1724
13000000	55000000	8011.873
14000000	55000000	6704.067
15000000	55000000	6839.215
16000000	55000000	6012.667
17000000	55000000	6674.2285
18000000	55000000	9346.816
19000000	55000000	13685.872
20000000	55000000	6683.288
21000000	55000000	7032.6455
22000000	55000000	5960.5757
23000000	55000000	7236.803
24000000	55000000	6652.7456
27000000	55000000	8415.754
28000000	55000000	10032.28
29000000	55000000	10771.351
30000000	55000000	14876.146
31000000	55000000	8954.255
32000000	55000000	10319.119
33000000	55000000	13036.967
34000000	55000000	14456.719
35000000	55000000	18150.67
36000000	55000000	18411.736
37000000	55000000	10322.115
38000000	55000000	13768.791
39000000	55000000	12257.9795
40000000	55000000	10726.839
41000000	55000000	12537.994
42000000	55000000	16313.309
43000000	55000000	19375.453
44000000	55000000	16929.049
45000000	55000000	17675.57
46000000	55000000	13490.153
47000000	55000000	10295.356
48000000	55000000	14121.971
49000000	55000000	14816.509
50000000	55000000	27388.615
51000000	55000000	41151.15
52000000	55000000	33399.87
53000000	55000000	38131.31
54000000	55000000	189918.9
55000000	55000000	1045271.44
0	56000000	10450.821
1000000	56000000	3741.3252
2000000	56000000	2907.882
3000000	56000000	3672.67
4000000	56000000	3463.0876
5000000	56000000	4316.557
6000000	56000000	3264.797
7000000	56000000	3980.563
8000000	56000000	16700.756
9000000	56000000	24457.793
10000000	56000000	8104.4043
11000000	56000000	5527.6226
12000000	56000000	6019.463
13000000	56000000	6377.2593
14000000	56000000	4762.048
15000000	56000000	5445.7554
16000000	56000000	3857.102
17000000	56000000	3825.6252
18000000	56000000	5059.7095
19000000	56000000	11660.068
20000000	56000000	14473.559
21000000	56000000	13373.214
22000000	56000000	14979.045
23000000	56000000	15634.427
24000000	56000000	13409.826
27000000	56000000	18987.934
28000000	56000000	21129.744
29000000	56000000	21823.234
30000000	56000000	18974.625
31000000	56000000	18679.65
32000000	56000000	19326.828
33000000	56000000	14910.334
34000000	56000000	15823.248
35000000	56000000	19519.818
36000000	56000000	16705.914
37000000	56000000	20175.502
38000000	56000000	15260.579
39000000	56000000	7293.692
40000000	56000000	7136.4707
41000000	56000000	9017.185
42000000	56000000	10384.605
43000000	56000000	23175.533
44000000	56000000	21164.664
45000000	56000000	14166.082
46000000	56000000	8495.243
47000000	56000000	6581.371
48000000	56000000	10941.503
49000000	56000000	8987.203
50000000	56000000	17565.34
51000000	56000000	29331.125
52000000	56000000	39352.64
53000000	56000000	46055.02
54000000	56000000	100549.28
55000000	56000000	231254.48
56000000	56000000	879359.6
0	57000000	8518.782
1000000	57000000	2304.2393
2000000	57000000	2246.8154
3000000	57000000	2341.0876
4000000	57000000	2280.7234
5000000	57000000	2738.5286
6000000	57000000	2376.4072
7000000	57000000	3075.894
8000000	57000000	14089.021
9000000	57000000	28309.307
10000000	57000000	5289.3125
11000000	57000000	5452.1455
12000000	57000000	7384.464
13000000	57000000	4215.21
14000000	57000000	3172.214
15000000	57000000	3269.2097
16000000	57000000	2758.7517
17000000	57000000	2646.2249
18000000	57000000	3370.505
19000000	57000000	9942.849
20000000	57000000	20134.873
21000000	57000000	18084.912
22000000	57000000	23813.201
23000000	57000000	22147.18
24000000	57000000	18829.557
27000000	57000000	31619.662
28000000	57000000	26762.422
29000000	57000000	23866.293
30000000	57000000	13338.032
31000000	57000000	21409.053
32000000	57000000	21030.43
33000000	57000000	9169.918
34000000	57000000	10448.536
35000000	57000000	16136.09
36000000	57000000	14977.222
37000000	57000000	29719.498
38000000	57000000	15732.9375
39000000	57000000	4687.9404
40000000	57000000	5371.9316
41000000	57000000	5523.325
42000000	57000000	5748.2715
43000000	57000000	16517.383
44000000	57000000	22502.656
45000000	57000000	9848.369
46000000	57000000	5487.871
47000000	57000000	4378.1064
48000000	57000000	7100.6064
49000000	57000000	5746.9224
50000000	57000000	10184.198
51000000	57000000	16149.196
52000000	57000000	43772.46
53000000	57000000	53268.97
54000000	57000000	70390.29
55000000	57000000	46898.496
56000000	57000000	207891.42
57000000	57000000	866903.2
0	58000000	11778.501
1000000	58000000	3998.6548
2000000	58000000	3907.4592
3000000	58000000	3481.582
4000000	58000000	3397.4565
5000000	58000000	3032.159
6000000	58000000	3768.304
7000000	58000000	4912.225
8000000	58000000	11198.631
9000000	58000000	21312.883
10000000	58000000	7540.4644
11000000	58000000	8941.707
12000000	58000000	13434.248
13000000	58000000	4456.991
14000000	58000000	4096.2803
15000000	58000000	2925.495
16000000	58000000	3195.4187
17000000	58000000	3796.0671
18000000	58000000	5616.068
19000000	58000000	15243.2705
20000000	58000000	14592.321
21000000	58000000	15323.744
22000000	58000000	11347.681
23000000	58000000	15671.056
24000000	58000000	12627.888
27000000	58000000	15730.669
28000000	58000000	12386.965
29000000	58000000	10417.471
30000000	58000000	9027.641
31000000	58000000	7705.0728
32000000	58000000	8631.798
33000000	58000000	7439.593
34000000	58000000	7608.2905
35000000	58000000	15158.912
36000000	58000000	18141.773
37000000	58000000	33180.746
38000000	58000000	15681.773
39000000	58000000	6609.2793
40000000	58000000	7470.0767
41000000	58000000	5709.9287
42000000	58000000	6840.3706
43000000	58000000	8740.768
44000000	58000000	23542.844
45000000	58000000	10928.207
46000000	58000000	6408.095
47000000	58000000	5801.9175
48000000	58000000	7032.826
49000000	58000000	8074.8438
50000000	58000000	11227.491
51000000	58000000	13465.8545
52000000	58000000	43722.79
53000000	58000000	47162.004
54000000	58000000	36131.215
55000000	58000000	30914.598
56000000	58000000	76993.84
57000000	58000000	293958.1
58000000	58000000	901041.25
0	59000000	15057.142
1000000	59000000	5417.088
2000000	59000000	3800.1975
3000000	59000000	3565.2341
4000000	59000000	4298.247
5000000	59000000	2989.9187
6000000	59000000	3884.791
7000000	59000000	4889.6836
8000000	59000000	7326.2134
9000000	59000000	5673.536
10000000	59000000	8387.394
11000000	59000000	5987.82
12000000	59000000	6014.413
13000000	59000000	3958.6028
14000000	59000000	4181.7017
15000000	59000000	2652.1362
16000000	59000000	3528.2427
17000000	59000000	4622.73
18000000	59000000	7242.2544
19000000	59000000	11242.2295
20000000	59000000	2860.7017
21000000	59000000	3820.0637
22000000	59000000	1698.228
23000000	59000000	3050.6372
24000000	59000000	2516.7124
27000000	59000000	2174.9155
28000000	59000000	2805.7087
29000000	59000000	2613.354
30000000	59000000	5578.656
31000000	59000000	1743.7488
32000000	59000000	2901.6963
33000000	59000000	4981.61
34000000	59000000	5314.707
35000000	59000000	9151.699
36000000	59000000	12132.912
37000000	59000000	7663.731
38000000	59000000	7660.937
39000000	59000000	7727.036
40000000	59000000	6653.3647
41000000	59000000	5685.345
42000000	59000000	7486.5835
43000000	59000000	3975.8718
44000000	59000000	10179.437
45000000	59000000	9150.952
46000000	59000000	6871.823
47000000	59000000	6264.9717
48000000	59000000	7018.963
49000000	59000000	9071.59
50000000	59000000	11630.557
51000000	59000000	10655.568
52000000	59000000	12583.705
53000000	59000000	12908.602
54000000	59000000	14717.441
55000000	59000000	23452.438
56000000	59000000	29729.592
57000000	59000000	60877.258
58000000	59000000	293725.03
59000000	59000000	1472452.9
