0	0	1186532.0
0	1000000	266559.16
1000000	1000000	1063097.4
0	2000000	76647.76
1000000	2000000	206566.61
2000000	2000000	1159635.6
0	3000000	33878.0
1000000	3000000	42547.254
2000000	3000000	144942.17
3000000	3000000	1068977.8
0	4000000	26501.152
1000000	4000000	32270.951
2000000	4000000	45181.414
3000000	4000000	220859.4
4000000	4000000	935491.2
0	5000000	12121.533
1000000	5000000	14850.361
2000000	5000000	9827.613
3000000	5000000	25060.055
4000000	5000000	134357.8
5000000	5000000	740647.0
0	6000000	6719.4434
1000000	6000000	7867.226
2000000	6000000	4539.2676
3000000	6000000	10040.017
4000000	6000000	20800.104
5000000	6000000	230019.27
6000000	6000000	771162.3
0	7000000	5646.0054
1000000	7000000	6549.5107
2000000	7000000	3536.1843
3000000	7000000	7055.957
4000000	7000000	11917.652
5000000	7000000	96206.4
6000000	7000000	242832.1
7000000	7000000	814889.0
0	8000000	6765.726
1000000	8000000	7107.7163
2000000	8000000	4868.565
3000000	8000000	9267.983
4000000	8000000	20526.977
5000000	8000000	68552.2
6000000	8000000	96473.7
7000000	8000000	179576.2
8000000	8000000	727360.9
0	9000000	6109.7183
1000000	9000000	6147.3823
2000000	9000000	5170.5454
3000000	9000000	9719.485
4000000	9000000	19095.084
5000000	9000000	34297.81
6000000	9000000	29606.549
7000000	9000000	38451.07
8000000	9000000	219137.1
9000000	9000000	762118.6
0	10000000	5807.1016
1000000	10000000	5346.878
2000000	10000000	5627.999
3000000	10000000	11458.52
4000000	10000000	15803.364
5000000	10000000	19451.064
6000000	10000000	14513.978
7000000	10000000	17665.889
8000000	10000000	69719.195
9000000	10000000	295842.6
10000000	10000000	890918.1
0	11000000	7160.6743
1000000	11000000	5998.3647
2000000	11000000	8688.366
3000000	11000000	13563.166
4000000	11000000	17217.646
5000000	11000000	8011.851
6000000	11000000	4133.528
7000000	11000000	4817.6016
8000000	11000000	18587.95
9000000	11000000	39098.75
10000000	11000000	165835.75
11000000	11000000	1138491.9
0	12000000	5768.2285
1000000	12000000	5359.8926
2000000	12000000	5688.7676
3000000	12000000	9382.089
4000000	12000000	13471.777
5000000	12000000	13363.941
6000000	12000000	9188.575
7000000	12000000	10452.654
8000000	12000000	21100.027
9000000	12000000	32864.688
10000000	12000000	44516.996
11000000	12000000	144323.81
12000000	12000000	886194.75
0	13000000	4535.2417
1000000	13000000	4752.626
2000000	13000000	3438.3276
3000000	13000000	6479.8486
4000000	13000000	7837.0923
5000000	13000000	22091.9
6000000	13000000	23975.572
7000000	13000000	27604.469
8000000	13000000	29279.938
9000000	13000000	33919.84
10000000	13000000	28783.668
11000000	13000000	26375.451
12000000	13000000	241825.12
13000000	13000000	904295.3
0	14000000	6854.8906
1000000	14000000	6437.536
2000000	14000000	7513.882
3000000	14000000	11052.442
4000000	14000000	14203.868
5000000	14000000	9958.807
6000000	14000000	5456.4785
7000000	14000000	5921.5884
8000000	14000000	12743.902
9000000	14000000	17219.164
10000000	14000000	22032.268
11000000	14000000	36829.57
12000000	14000000	91368.54
13000000	14000000	130840.65
14000000	14000000	1066315.5
0	15000000	9165.611
1000000	15000000	9994.836
2000000	15000000	10496.477
3000000	15000000	12552.547
4000000	15000000	16722.625
5000000	15000000	9982.01
6000000	15000000	6005.6543
7000000	15000000	6274.21
8000000	15000000	10934.572
9000000	15000000	13261.859
10000000	15000000	13576.89
11000000	15000000	19431.33
12000000	15000000	30755.781
13000000	15000000	32677.26
14000000	15000000	115501.39
15000000	15000000	872301.3
0	16000000	6615.1167
1000000	16000000	7057.2124
2000000	16000000	6746.8384
3000000	16000000	8810.882
4000000	16000000	11264.912
5000000	16000000	9942.942
6000000	16000000	7271.683
7000000	16000000	7311.06
8000000	16000000	10124.716
9000000	16000000	11386.165
10000000	16000000	10902.455
11000000	16000000	12339.569
12000000	16000000	19703.805
13000000	16000000	23036.99
14000000	16000000	43377.16
15000000	16000000	302278.16
16000000	16000000	766964.56
0	17000000	5411.498
1000000	17000000	5822.69
2000000	17000000	4887.1206
3000000	17000000	7274.443
4000000	17000000	8712.319
5000000	17000000	12705.094
6000000	17000000	10815.377
7000000	17000000	11048.742
8000000	17000000	12992.464
9000000	17000000	13909.489
10000000	17000000	12879.0205
11000000	17000000	10813.752
12000000	17000000	18978.336
13000000	17000000	26347.81
14000000	17000000	24098.018
15000000	17000000	46276.414
16000000	17000000	216253.98
17000000	17000000	870930.75
0	18000000	6453.084
1000000	18000000	7136.546
2000000	18000000	5989.931
3000000	18000000	7684.3013
4000000	18000000	10381.108
5000000	18000000	11864.475
6000000	18000000	9482.217
7000000	18000000	9627.157
8000000	18000000	12066.1455
9000000	18000000	11934.818
10000000	18000000	9718.418
11000000	18000000	10030.794
12000000	18000000	15809.53
13000000	18000000	20909.334
14000000	18000000	23236.074
15000000	18000000	56915.93
16000000	18000000	128862.79
17000000	18000000	211819.34
18000000	18000000	843576.8
0	19000000	6199.4043
1000000	19000000	6584.707
2000000	19000000	5641.614
3000000	19000000	8218.23
4000000	19000000	11031.759
5000000	19000000	12713.762
6000000	19000000	8994.861
7000000	19000000	8827.098
8000000	19000000	12624.92
9000000	19000000	12925.252
10000000	19000000	11233.664
11000000	19000000	9966.077
12000000	19000000	17505.309
13000000	19000000	18670.627
14000000	19000000	19606.916
15000000	19000000	31187.562
16000000	19000000	43882.074
17000000	19000000	61781.445
18000000	19000000	168248.67
19000000	19000000	839406.2
0	20000000	5025.426
1000000	20000000	5678.5376
2000000	20000000	4451.409
3000000	20000000	6403.0557
4000000	20000000	8900.002
5000000	20000000	13380.764
6000000	20000000	11173.231
7000000	20000000	11475.861
8000000	20000000	12661.705
9000000	20000000	13066.169
10000000	20000000	9602.219
11000000	20000000	7752.6636
12000000	20000000	15789.503
13000000	20000000	20431.043
14000000	20000000	14024.935
15000000	20000000	21874.38
16000000	20000000	27297.15
17000000	20000000	39193.97
18000000	20000000	47174.17
19000000	20000000	204052.81
20000000	20000000	782263.0
0	21000000	5589.2446
1000000	21000000	5598.753
2000000	21000000	6353.074
3000000	21000000	8279.363
4000000	21000000	9615.613
5000000	21000000	5861.732
6000000	21000000	3428.5576
7000000	21000000	3407.6038
8000000	21000000	5877.0654
9000000	21000000	7078.5444
10000000	21000000	7475.4473
11000000	21000000	9442.685
12000000	21000000	10703.448
13000000	21000000	8277.826
14000000	21000000	11698.115
15000000	21000000	16759.385
16000000	21000000	14775.5625
17000000	21000000	17624.346
18000000	21000000	23484.104
19000000	21000000	45264.54
20000000	21000000	197127.5
21000000	21000000	846585.3
0	22000000	5639.8
1000000	22000000	5969.455
2000000	22000000	6584.3813
3000000	22000000	8636.069
4000000	22000000	10263.207
5000000	22000000	6682.685
6000000	22000000	4829.601
7000000	22000000	4807.2485
8000000	22000000	6501.737
9000000	22000000	7984.4976
10000000	22000000	7048.1626
11000000	22000000	8697.671
12000000	22000000	10379.62
13000000	22000000	9906.965
14000000	22000000	11263.231
15000000	22000000	17360.057
16000000	22000000	15691.569
17000000	22000000	17514.266
18000000	22000000	22435.88
19000000	22000000	38355.19
20000000	22000000	82746.945
21000000	22000000	319080.75
22000000	22000000	847642.9
0	23000000	5696.6484
1000000	23000000	5469.426
2000000	23000000	6192.5386
3000000	23000000	8733.334
4000000	23000000	11089.476
5000000	23000000	6218.187
6000000	23000000	3518.9766
7000000	23000000	3389.9375
8000000	23000000	6033.4106
9000000	23000000	7764.5547
10000000	23000000	8272.2705
11000000	23000000	10018.612
12000000	23000000	10724.403
13000000	23000000	7538.223
14000000	23000000	12087.148
15000000	23000000	15138.341
16000000	23000000	12729.223
17000000	23000000	14178.563
18000000	23000000	16374.692
19000000	23000000	26036.824
20000000	23000000	33948.152
21000000	23000000	88642.03
22000000	23000000	150204.9
23000000	23000000	913039.8
0	24000000	4437.1353
1000000	24000000	4503.621
2000000	24000000	4330.3384
3000000	24000000	6616.6846
4000000	24000000	9818.419
5000000	24000000	8650.775
6000000	24000000	5307.3315
7000000	24000000	5333.7603
8000000	24000000	7907.3413
9000000	24000000	9232.375
10000000	24000000	7975.197
11000000	24000000	7320.506
12000000	24000000	9620.786
13000000	24000000	8744.646
14000000	24000000	10692.954
15000000	24000000	13155.653
16000000	24000000	11574.182
17000000	24000000	13471.508
18000000	24000000	15359.794
19000000	24000000	24711.518
20000000	24000000	31004.105
21000000	24000000	32487.264
22000000	24000000	48196.4
23000000	24000000	235240.84
24000000	24000000	859474.4
0	25000000	3951.0745
1000000	25000000	4339.247
2000000	25000000	3254.081
3000000	25000000	4959.5044
4000000	25000000	8227.821
5000000	25000000	15976.548
6000000	25000000	13967.886
7000000	25000000	13894.307
8000000	25000000	14852.209
9000000	25000000	13122.509
10000000	25000000	8910.537
11000000	25000000	5769.659
12000000	25000000	10705.5
13000000	25000000	14913.774
14000000	25000000	9321.451
15000000	25000000	10477.842
16000000	25000000	11651.44
17000000	25000000	16386.463
18000000	25000000	16010.766
19000000	25000000	23131.945
20000000	25000000	31311.744
21000000	25000000	18369.734
22000000	25000000	26170.768
23000000	25000000	43566.066
24000000	25000000	184946.02
25000000	25000000	734878.1
0	26000000	3339.7002
1000000	26000000	4089.1824
2000000	26000000	2081.8486
3000000	26000000	3270.28
4000000	26000000	6234.3823
5000000	26000000	20610.566
6000000	26000000	21583.61
7000000	26000000	21829.773
8000000	26000000	18755.83
9000000	26000000	14024.3
10000000	26000000	7864.339
11000000	26000000	3388.4956
12000000	26000000	10075.172
13000000	26000000	19329.332
14000000	26000000	6537.6636
15000000	26000000	9177.255
16000000	26000000	11628.784
17000000	26000000	17282.281
18000000	26000000	15926.225
19000000	26000000	21399.078
20000000	26000000	31262.727
21000000	26000000	12049.511
22000000	26000000	20559.588
23000000	26000000	21006.055
24000000	26000000	49507.004
25000000	26000000	243012.55
26000000	26000000	785612.5
0	27000000	5922.7515
1000000	27000000	6424.3467
2000000	27000000	4903.3804
3000000	27000000	7932.1816
4000000	27000000	12803.211
5000000	27000000	13999.466
6000000	27000000	7652.105
7000000	27000000	7324.895
8000000	27000000	11764.932
9000000	27000000	12598.97
10000000	27000000	11008.482
11000000	27000000	8507.726
12000000	27000000	12317.164
13000000	27000000	11303.814
14000000	27000000	11852.35
15000000	27000000	13915.729
16000000	27000000	13051.417
17000000	27000000	15436.845
18000000	27000000	15256.174
19000000	27000000	22170.281
20000000	27000000	23664.182
21000000	27000000	17159.055
22000000	27000000	21366.812
23000000	27000000	29801.943
24000000	27000000	49167.83
25000000	27000000	106260.86
26000000	27000000	164506.47
27000000	27000000	815372.94
0	28000000	9825.549
1000000	28000000	10614.081
2000000	28000000	12122.429
3000000	28000000	13337.857
4000000	28000000	17390.465
5000000	28000000	8112.9214
6000000	28000000	3539.3157
7000000	28000000	3290.2551
8000000	28000000	6865.454
9000000	28000000	7835.678
10000000	28000000	7928.9175
11000000	28000000	9933.223
12000000	28000000	9644.198
13000000	28000000	6335.9863
14000000	28000000	10866.106
15000000	28000000	16043.121
16000000	28000000	11737.662
17000000	28000000	10424.502
18000000	28000000	12618.59
19000000	28000000	14998.287
20000000	28000000	14039.905
21000000	28000000	17680.52
22000000	28000000	18967.854
23000000	28000000	24628.156
24000000	28000000	28125.393
25000000	28000000	30598.496
26000000	28000000	31574.854
27000000	28000000	166446.36
28000000	28000000	958038.56
0	29000000	9530.466
1000000	29000000	9610.494
2000000	29000000	14728.087
3000000	29000000	13848.445
4000000	29000000	13326.176
5000000	29000000	3818.4
6000000	29000000	1705.3613
7000000	29000000	1566.9979
8000000	29000000	3437.192
9000000	29000000	4482.125
10000000	29000000	5864.0947
11000000	29000000	9471.316
12000000	29000000	6503.8735
13000000	29000000	3699.6443
14000000	29000000	7810.6973
15000000	29000000	11363.212
16000000	29000000	7159.8154
17000000	29000000	6194.203
18000000	29000000	7583.9507
19000000	29000000	7874.1406
20000000	29000000	7004.9062
21000000	29000000	17934.594
22000000	29000000	13008.149
23000000	29000000	13333.44
24000000	29000000	11239.078
25000000	29000000	9498.14
26000000	29000000	8587.209
27000000	29000000	25308.096
28000000	29000000	168116.81
29000000	29000000	1108522.8
0	30000000	12339.17
1000000	30000000	10965.22
2000000	30000000	18021.7
3000000	30000000	17254.623
4000000	30000000	18462.2
5000000	30000000	4611.607
6000000	30000000	1684.0809
7000000	30000000	1568.8895
8000000	30000000	4225.734
9000000	30000000	5075.4194
10000000	30000000	6833.84
11000000	30000000	11178.163
12000000	30000000	5812.7715
13000000	30000000	2776.2764
14000000	30000000	8030.661
15000000	30000000	9156.095
16000000	30000000	6444.329
17000000	30000000	5180.874
18000000	30000000	7309.915
19000000	30000000	6201.6533
20000000	30000000	4745.0596
21000000	30000000	8735.4795
22000000	30000000	8575.809
23000000	30000000	10263.892
24000000	30000000	7885.6914
25000000	30000000	7030.5703
26000000	30000000	4886.1675
27000000	30000000	15614.384
28000000	30000000	58021.418
29000000	30000000	222882.12
30000000	30000000	1097914.4
0	31000000	10295.303
1000000	31000000	9607.316
2000000	31000000	8297.058
3000000	31000000	13262.04
4000000	31000000	18226.316
5000000	31000000	21432.242
6000000	31000000	13552.984
7000000	31000000	11537.28
8000000	31000000	15594.044
9000000	31000000	12225.13
10000000	31000000	11332.67
11000000	31000000	7661.2314
12000000	31000000	8087.523
13000000	31000000	9097.615
14000000	31000000	9715.358
15000000	31000000	9535.831
16000000	31000000	8559.899
17000000	31000000	10186.914
18000000	31000000	11250.838
19000000	31000000	11800.656
20000000	31000000	9031.206
21000000	31000000	7636.958
22000000	31000000	7655.819
23000000	31000000	9252.764
24000000	31000000	10413.137
25000000	31000000	14948.28
26000000	31000000	15989.351
27000000	31000000	23653.889
28000000	31000000	27688.95
29000000	31000000	25747.21
30000000	31000000	164243.66
31000000	31000000	972442.75
0	32000000	3464.146
1000000	32000000	3785.9067
2000000	32000000	1672.2728
3000000	32000000	4026.3003
4000000	32000000	4982.5293
5000000	32000000	29038.443
6000000	32000000	40623.51
7000000	32000000	40503.34
8000000	32000000	23515.334
9000000	32000000	10917.922
10000000	32000000	6874.2124
11000000	32000000	2215.8616
12000000	32000000	5732.955
13000000	32000000	14629.625
14000000	32000000	4273.3486
15000000	32000000	4532.6157
16000000	32000000	5518.576
17000000	32000000	8665.457
18000000	32000000	7561.992
19000000	32000000	8426.283
20000000	32000000	9549.789
21000000	32000000	3847.3296
22000000	32000000	5175.9155
23000000	32000000	4567.314
24000000	32000000	7421.8706
25000000	32000000	17551.482
26000000	32000000	26689.414
27000000	32000000	13373.928
28000000	32000000	8204.931
29000000	32000000	6382.7935
30000000	32000000	9934.862
31000000	32000000	111214.27
32000000	32000000	797159.25
0	33000000	3415.518
1000000	33000000	3414.3105
2000000	33000000	1926.0977
3000000	33000000	3953.9988
4000000	33000000	5579.75
5000000	33000000	24164.238
6000000	33000000	32860.055
7000000	33000000	33864.223
8000000	33000000	20401.64
9000000	33000000	10940.355
10000000	33000000	7546.7246
11000000	33000000	3148.4583
12000000	33000000	6861.791
13000000	33000000	12628.119
14000000	33000000	5046.451
15000000	33000000	4763.838
16000000	33000000	5707.672
17000000	33000000	8533.197
18000000	33000000	7589.857
19000000	33000000	8210.6455
20000000	33000000	9416.966
21000000	33000000	4259.8916
22000000	33000000	5101.3716
23000000	33000000	5241.8315
24000000	33000000	7661.0547
25000000	33000000	16211.5205
26000000	33000000	22000.344
27000000	33000000	13056.934
28000000	33000000	7968.6167
29000000	33000000	5911.5806
30000000	33000000	8301.257
31000000	33000000	51407.996
32000000	33000000	324001.2
33000000	33000000	829549.1
0	34000000	1849.6012
1000000	34000000	1829.7877
2000000	34000000	767.2125
3000000	34000000	2048.1016
4000000	34000000	2369.9707
5000000	34000000	16526.092
6000000	34000000	29045.95
7000000	34000000	30927.705
8000000	34000000	13487.787
9000000	34000000	5697.6953
10000000	34000000	3214.7644
11000000	34000000	1099.51
12000000	34000000	2961.859
13000000	34000000	8447.179
14000000	34000000	1900.4941
15000000	34000000	1924.0684
16000000	34000000	2924.6785
17000000	34000000	4472.5835
18000000	34000000	3812.215
19000000	34000000	3790.1848
20000000	34000000	4826.5522
21000000	34000000	1752.2897
22000000	34000000	2319.5444
23000000	34000000	1926.9779
24000000	34000000	3421.7236
25000000	34000000	8104.2827
26000000	34000000	13151.935
27000000	34000000	4940.917
28000000	34000000	2749.2283
29000000	34000000	2016.7604
30000000	34000000	2303.3438
31000000	34000000	13367.245
32000000	34000000	54171.04
33000000	34000000	66045.086
34000000	34000000	945693.1
0	35000000	1198.7299
1000000	35000000	1004.3134
2000000	35000000	566.47876
3000000	35000000	1156.7689
4000000	35000000	1252.6879
5000000	35000000	8987.574
6000000	35000000	17143.604
7000000	35000000	18564.61
8000000	35000000	8053.7075
9000000	35000000	2938.8657
10000000	35000000	1884.2239
11000000	35000000	614.441
12000000	35000000	1605.102
13000000	35000000	4972.0615
14000000	35000000	1137.0581
15000000	35000000	1067.6656
16000000	35000000	1541.0194
17000000	35000000	2617.185
18000000	35000000	2062.7776
19000000	35000000	2119.8955
20000000	35000000	2663.5818
21000000	35000000	1057.1647
22000000	35000000	1275.887
23000000	35000000	1137.2815
24000000	35000000	1866.5292
25000000	35000000	4462.1353
26000000	35000000	7672.7593
27000000	35000000	2744.8777
28000000	35000000	1632.8984
29000000	35000000	1352.3546
30000000	35000000	1534.4211
31000000	35000000	7978.2896
32000000	35000000	34354.688
33000000	35000000	50395.41
34000000	35000000	296661.38
35000000	35000000	1245811.1
0	46000000	4277.5713
1000000	46000000	3974.4653
2000000	46000000	2368.505
3000000	46000000	5912.4663
4000000	46000000	6386.859
5000000	46000000	19755.387
6000000	46000000	24355.877
7000000	46000000	24531.148
8000000	46000000	14969.507
9000000	46000000	8926.63
10000000	46000000	7214.1484
11000000	46000000	3722.0222
12000000	46000000	5593.051
13000000	46000000	9676.496
14000000	46000000	4517.324
15000000	46000000	4129.9062
16000000	46000000	4554.677
17000000	46000000	6357.58
18000000	46000000	5777.7188
19000000	46000000	6217.758
20000000	46000000	6309.6396
21000000	46000000	3275.2368
22000000	46000000	3749.901
23000000	46000000	3961.0618
24000000	46000000	5246.153
25000000	46000000	9198.652
26000000	46000000	11973.3955
27000000	46000000	8119.7886
28000000	46000000	5283.257
29000000	46000000	3876.5715
30000000	46000000	5857.0728
31000000	46000000	23846.342
32000000	46000000	42839.074
33000000	46000000	60219.52
34000000	46000000	102708.26
35000000	46000000	51016.58
46000000	46000000	754700.56
0	47000000	2411.566
1000000	47000000	2173.1323
2000000	47000000	2181.093
3000000	47000000	4313.3564
4000000	47000000	6266.8486
5000000	47000000	7877.656
6000000	47000000	5296.1343
7000000	47000000	4989.1753
8000000	47000000	6722.9653
9000000	47000000	6446.3433
10000000	47000000	6271.1377
11000000	47000000	4602.1816
12000000	47000000	5468.908
13000000	47000000	4540.767
14000000	47000000	5137.3306
15000000	47000000	3572.6707
16000000	47000000	3549.572
17000000	47000000	4245.06
18000000	47000000	3645.6416
19000000	47000000	4919.5625
20000000	47000000	4771.276
21000000	47000000	3624.759
22000000	47000000	3453.9414
23000000	47000000	4582.941
24000000	47000000	5342.026
25000000	47000000	6649.2104
26000000	47000000	6275.3423
27000000	47000000	7439.09
28000000	47000000	5275.9604
29000000	47000000	3702.6838
30000000	47000000	5287.34
31000000	47000000	11425.607
32000000	47000000	9832.288
33000000	47000000	11164.7705
34000000	47000000	10602.179
35000000	47000000	5444.966
46000000	47000000	146169.53
47000000	47000000	899313.6
0	48000000	2359.5405
1000000	48000000	2140.356
2000000	48000000	1888.1193
3000000	48000000	3631.919
4000000	48000000	5829.462
5000000	48000000	8954.701
6000000	48000000	6102.469
7000000	48000000	5732.4873
8000000	48000000	7448.96
9000000	48000000	7274.4673
10000000	48000000	5958.4854
11000000	48000000	4012.0662
12000000	48000000	5721.018
13000000	48000000	5410.585
14000000	48000000	4532.701
15000000	48000000	3615.1755
16000000	48000000	3494.9238
17000000	48000000	4572.41
18000000	48000000	3857.6152
19000000	48000000	5213.8213
20000000	48000000	5482.185
21000000	48000000	3361.3613
22000000	48000000	3710.0464
23000000	48000000	4514.4434
24000000	48000000	5713.499
25000000	48000000	7822.1255
26000000	48000000	8325.59
27000000	48000000	8429.567
28000000	48000000	5192.1924
29000000	48000000	3296.2805
30000000	48000000	4160.4824
31000000	48000000	10195.974
32000000	48000000	9581.292
33000000	48000000	10829.043
34000000	48000000	10146.723
35000000	48000000	4840.3726
46000000	48000000	76443.01
47000000	48000000	253726.34
48000000	48000000	743357.44
0	49000000	1962.9331
1000000	49000000	2135.535
2000000	49000000	1407.3514
3000000	49000000	2530.9377
4000000	49000000	4949.842
5000000	49000000	10041.814
6000000	49000000	7114.2207
7000000	49000000	6925.128
8000000	49000000	8497.045
9000000	49000000	8125.644
10000000	49000000	5214.213
11000000	49000000	3191.3987
12000000	49000000	6077.342
13000000	49000000	5896.065
14000000	49000000	3590.7236
15000000	49000000	3574.4324
16000000	49000000	3570.428
17000000	49000000	4820.74
18000000	49000000	4003.2122
19000000	49000000	5559.103
20000000	49000000	6711.309
21000000	49000000	2963.0796
22000000	49000000	4107.2207
23000000	49000000	4491.409
24000000	49000000	7062.3975
25000000	49000000	9611.097
26000000	49000000	11722.028
27000000	49000000	9589.35
28000000	49000000	4978.1685
29000000	49000000	2542.6907
30000000	49000000	2404.9067
31000000	49000000	7380.566
32000000	49000000	9105.817
33000000	49000000	9717.673
34000000	49000000	9850.401
35000000	49000000	4733.6807
46000000	49000000	30341.19
47000000	49000000	48821.555
48000000	49000000	185321.0
49000000	49000000	756198.56
0	50000000	3009.53
1000000	50000000	2827.0847
2000000	50000000	2548.005
3000000	50000000	4419.011
4000000	50000000	7293.996
5000000	50000000	7563.871
6000000	50000000	3718.399
7000000	50000000	3375.242
8000000	50000000	6655.73
9000000	50000000	6545.459
10000000	50000000	6108.851
11000000	50000000	5361.543
12000000	50000000	6175.9976
13000000	50000000	3875.9097
14000000	50000000	4942.9995
15000000	50000000	4302.2554
16000000	50000000	3809.275
17000000	50000000	4532.595
18000000	50000000	4295.587
19000000	50000000	5269.875
20000000	50000000	4939.2207
21000000	50000000	3883.6558
22000000	50000000	3975.7883
23000000	50000000	5696.9053
24000000	50000000	6738.8306
25000000	50000000	6939.8364
26000000	50000000	6155.1235
27000000	50000000	9237.6045
28000000	50000000	6511.5415
29000000	50000000	4162.876
30000000	50000000	5650.911
31000000	50000000	10474.195
32000000	50000000	5974.526
33000000	50000000	6846.9966
34000000	50000000	5085.449
35000000	50000000	2558.2737
46000000	50000000	22327.729
47000000	50000000	31300.684
48000000	50000000	52834.844
49000000	50000000	157739.47
50000000	50000000	871472.8
0	51000000	1212.5265
1000000	51000000	1396.0537
2000000	51000000	824.9865
3000000	51000000	1451.0448
4000000	51000000	2648.2812
5000000	51000000	9879.682
6000000	51000000	10407.806
7000000	51000000	10749.81
8000000	51000000	8952.909
9000000	51000000	6380.7207
10000000	51000000	3719.9077
11000000	51000000	1531.2882
12000000	51000000	4017.8862
13000000	51000000	6240.7075
14000000	51000000	2232.9143
15000000	51000000	2149.8845
16000000	51000000	2575.535
17000000	51000000	3895.0579
18000000	51000000	3173.8188
19000000	51000000	4008.385
20000000	51000000	5322.5366
21000000	51000000	1816.5568
22000000	51000000	2621.0215
23000000	51000000	2445.958
24000000	51000000	4230.526
25000000	51000000	8792.083
26000000	51000000	12571.766
27000000	51000000	5943.853
28000000	51000000	2598.9832
29000000	51000000	1310.7572
30000000	51000000	1317.166
31000000	51000000	5682.6763
32000000	51000000	12274.676
33000000	51000000	12146.164
34000000	51000000	15001.734
35000000	51000000	7536.015
46000000	51000000	23578.32
47000000	51000000	21158.62
48000000	51000000	36373.258
49000000	51000000	75222.484
50000000	51000000	129824.805
51000000	51000000	755118.06
0	52000000	948.05255
1000000	52000000	1120.5237
2000000	52000000	709.9984
3000000	52000000	1179.9268
4000000	52000000	2099.817
5000000	52000000	7682.4326
6000000	52000000	8840.457
7000000	52000000	9121.107
8000000	52000000	7161.7065
9000000	52000000	5169.488
10000000	52000000	2882.6846
11000000	52000000	1277.2712
12000000	52000000	3294.5706
13000000	52000000	5366.2065
14000000	52000000	1900.549
15000000	52000000	1804.4255
16000000	52000000	2169.0322
17000000	52000000	3255.2292
18000000	52000000	2783.4316
19000000	52000000	3514.3274
20000000	52000000	4447.076
21000000	52000000	1547.4755
22000000	52000000	2172.07
23000000	52000000	2123.314
24000000	52000000	3621.6091
25000000	52000000	7148.0723
26000000	52000000	9978.793
27000000	52000000	4539.0396
28000000	52000000	1945.6656
29000000	52000000	1095.0638
30000000	52000000	1047.1417
31000000	52000000	4857.419
32000000	52000000	10769.797
33000000	52000000	10400.444
34000000	52000000	12770.249
35000000	52000000	7123.8115
46000000	52000000	18081.504
47000000	52000000	15459.996
48000000	52000000	22659.93
49000000	52000000	37470.547
50000000	52000000	39182.727
51000000	52000000	154193.22
52000000	52000000	785399.75
0	53000000	1971.2529
1000000	53000000	1646.0468
2000000	53000000	1700.2524
3000000	53000000	3040.6694
4000000	53000000	4575.0396
5000000	53000000	5370.186
6000000	53000000	2977.7446
7000000	53000000	2751.6733
8000000	53000000	5213.088
9000000	53000000	5160.2964
10000000	53000000	4872.683
11000000	53000000	4176.9463
12000000	53000000	4865.6675
13000000	53000000	3056.0017
14000000	53000000	4440.613
15000000	53000000	3076.4255
16000000	53000000	2812.994
17000000	53000000	3568.2715
18000000	53000000	3374.0767
19000000	53000000	4299.4917
20000000	53000000	3891.0813
21000000	53000000	2970.8918
22000000	53000000	2903.0737
23000000	53000000	4466.9043
24000000	53000000	5308.6216
25000000	53000000	5749.148
26000000	53000000	4723.4756
27000000	53000000	6539.73
28000000	53000000	4032.6277
29000000	53000000	2584.7783
30000000	53000000	3438.7747
31000000	53000000	7166.721
32000000	53000000	4689.881
33000000	53000000	5972.4575
34000000	53000000	4135.6943
35000000	53000000	2058.4714
46000000	53000000	14801.3955
47000000	53000000	19733.68
48000000	53000000	21849.824
49000000	53000000	24852.324
50000000	53000000	46326.02
51000000	53000000	47724.082
52000000	53000000	150641.62
53000000	53000000	786585.94
0	54000000	1043.5607
1000000	54000000	1153.2488
2000000	54000000	702.74036
3000000	54000000	1174.0035
4000000	54000000	2314.2168
5000000	54000000	7856.5703
6000000	54000000	8105.734
7000000	54000000	8396.059
8000000	54000000	6750.357
9000000	54000000	5034.2817
10000000	54000000	2979.7817
11000000	54000000	1485.7343
12000000	54000000	3416.5098
13000000	54000000	5001.695
14000000	54000000	1912.0109
15000000	54000000	1868.5117
16000000	54000000	2184.7676
17000000	54000000	3187.8445
18000000	54000000	2600.317
19000000	54000000	3408.7546
20000000	54000000	4446.364
21000000	54000000	1666.1812
22000000	54000000	2452.1506
23000000	54000000	2172.0215
24000000	54000000	3781.1301
25000000	54000000	7021.012
26000000	54000000	9599.963
27000000	54000000	5084.9404
28000000	54000000	2278.581
29000000	54000000	1104.6758
30000000	54000000	1064.9283
31000000	54000000	4204.1963
32000000	54000000	8917.685
33000000	54000000	9088.945
34000000	54000000	11112.594
35000000	54000000	5714.423
46000000	54000000	16762.965
47000000	54000000	12581.647
48000000	54000000	18010.494
49000000	54000000	28676.605
50000000	54000000	23521.488
51000000	54000000	59623.754
52000000	54000000	94911.055
53000000	54000000	181436.6
54000000	54000000	708815.44
0	55000000	1112.1063
1000000	55000000	1247.7423
2000000	55000000	738.62933
3000000	55000000	1284.8016
4000000	55000000	2655.2495
5000000	55000000	7777.2173
6000000	55000000	7292.629
7000000	55000000	7131.9077
8000000	55000000	6981.92
9000000	55000000	5798.782
10000000	55000000	3223.5405
11000000	55000000	1644.996
12000000	55000000	3976.615
13000000	55000000	5077.6123
14000000	55000000	2171.5457
15000000	55000000	2068.0674
16000000	55000000	2437.1584
17000000	55000000	3477.8198
18000000	55000000	2823.058
19000000	55000000	3788.0269
20000000	55000000	4871.4478
21000000	55000000	1900.9325
22000000	55000000	2682.4148
23000000	55000000	2637.3264
24000000	55000000	4575.9307
25000000	55000000	7412.5796
26000000	55000000	10092.873
27000000	55000000	5781.7607
28000000	55000000	2521.8284
29000000	55000000	1320.6903
30000000	55000000	1112.4391
31000000	55000000	4321.0674
32000000	55000000	8005.6646
33000000	55000000	7997.0156
34000000	55000000	9059.109
35000000	55000000	4496.801
46000000	55000000	15451.866
47000000	55000000	13283.886
48000000	55000000	19196.852
49000000	55000000	32075.748
50000000	55000000	24135.752
51000000	55000000	54568.27
52000000	55000000	73237.31
53000000	55000000	99300.95
54000000	55000000	222384.52
55000000	55000000	678339.7
0	56000000	2665.441
1000000	56000000	2459.488
2000000	56000000	2874.2773
3000000	56000000	4286.389
4000000	56000000	7000.9595
5000000	56000000	5488.264
6000000	56000000	2778.3464
7000000	56000000	2634.6157
8000000	56000000	5256.0825
9000000	56000000	5661.995
10000000	56000000	5120.67
11000000	56000000	5634.6265
12000000	56000000	6080.4834
13000000	56000000	3613.9312
14000000	56000000	4800.462
15000000	56000000	4463.9575
16000000	56000000	3736.5708
17000000	56000000	3891.1245
18000000	56000000	3659.382
19000000	56000000	4622.789
20000000	56000000	4524.026
21000000	56000000	4218.613
22000000	56000000	4420.026
23000000	56000000	6157.1284
24000000	56000000	7021.9946
25000000	56000000	6095.6626
26000000	56000000	5116.0522
27000000	56000000	7825.2773
28000000	56000000	6235.6787
29000000	56000000	4291.4326
30000000	56000000	5161.242
31000000	56000000	6803.7896
32000000	56000000	3765.3015
33000000	56000000	4545.906
34000000	56000000	3280.616
35000000	56000000	1638.8461
46000000	56000000	11271.752
47000000	56000000	15777.381
48000000	56000000	18698.775
49000000	56000000	23010.846
50000000	56000000	29521.904
51000000	56000000	21498.943
52000000	56000000	22880.29
53000000	56000000	50220.707
54000000	56000000	40892.6
55000000	56000000	131110.22
56000000	56000000	812156.3
0	57000000	3690.06
1000000	57000000	3274.9956
2000000	57000000	4514.3677
3000000	57000000	6495.6924
4000000	57000000	8385.259
5000000	57000000	3328.473
6000000	57000000	1207.8254
7000000	57000000	1082.2751
8000000	57000000	3097.8691
9000000	57000000	4037.4395
10000000	57000000	5263.87
11000000	57000000	7737.459
12000000	57000000	5152.2144
13000000	57000000	2120.0383
14000000	57000000	5171.5283
15000000	57000000	4702.973
16000000	57000000	3499.2036
17000000	57000000	3149.7134
18000000	57000000	3058.1438
19000000	57000000	3605.1853
20000000	57000000	2999.397
21000000	57000000	4386.661
22000000	57000000	4450.742
23000000	57000000	6522.846
24000000	57000000	5469.903
25000000	57000000	3577.1956
26000000	57000000	2148.9304
27000000	57000000	5999.792
28000000	57000000	7373.4146
29000000	57000000	6652.451
30000000	57000000	9175.693
31000000	57000000	7111.4766
32000000	57000000	1960.2527
33000000	57000000	2750.599
34000000	57000000	1520.395
35000000	57000000	814.4077
46000000	57000000	8647.627
47000000	57000000	12068.916
48000000	57000000	11756.502
49000000	57000000	10867.948
50000000	57000000	19874.23
51000000	57000000	7604.2236
52000000	57000000	7698.323
53000000	57000000	23685.115
54000000	57000000	11563.641
55000000	57000000	18501.035
56000000	57000000	184278.34
57000000	57000000	970544.75
0	58000000	2235.1045
1000000	58000000	2011.569
2000000	58000000	1988.8025
3000000	58000000	3331.425
4000000	58000000	5632.2183
5000000	58000000	5103.6377
6000000	58000000	2813.675
7000000	58000000	2689.3953
8000000	58000000	5157.638
9000000	58000000	4755.204
10000000	58000000	4154.774
11000000	58000000	4009.6223
12000000	58000000	4715.3325
13000000	58000000	2867.459
14000000	58000000	3872.5376
15000000	58000000	3759.175
16000000	58000000	3142.2703
17000000	58000000	3134.607
18000000	58000000	4003.1929
19000000	58000000	4016.3943
20000000	58000000	3359.8645
21000000	58000000	3285.0017
22000000	58000000	3334.8127
23000000	58000000	4679.5884
24000000	58000000	5647.7773
25000000	58000000	4766.2686
26000000	58000000	3779.233
27000000	58000000	5742.0884
28000000	58000000	4540.6367
29000000	58000000	3047.4006
30000000	58000000	3919.0916
31000000	58000000	7412.924
32000000	58000000	4446.93
33000000	58000000	5131.5703
34000000	58000000	3695.482
35000000	58000000	1870.5969
46000000	58000000	12218.858
47000000	58000000	14682.35
48000000	58000000	15048.516
49000000	58000000	14738.281
50000000	58000000	20407.797
51000000	58000000	14653.202
52000000	58000000	15304.5625
53000000	58000000	32480.248
54000000	58000000	19499.672
55000000	58000000	27623.37
56000000	58000000	54768.344
57000000	58000000	179259.33
58000000	58000000	800400.5
0	59000000	721.3743
1000000	59000000	705.49835
2000000	59000000	494.1317
3000000	59000000	922.40234
4000000	59000000	1337.4883
5000000	59000000	5538.3833
6000000	59000000	7947.1167
7000000	59000000	8427.299
8000000	59000000	5553.139
9000000	59000000	3208.2334
10000000	59000000	1963.3092
11000000	59000000	862.00555
12000000	59000000	2111.2305
13000000	59000000	3865.4146
14000000	59000000	1270.8784
15000000	59000000	1202.0697
16000000	59000000	1452.8578
17000000	59000000	2234.575
18000000	59000000	1894.024
19000000	59000000	2268.3047
20000000	59000000	2695.803
21000000	59000000	1019.0763
22000000	59000000	1434.7874
23000000	59000000	1401.594
24000000	59000000	2462.2402
25000000	59000000	4516.952
26000000	59000000	6214.551
27000000	59000000	2508.1172
28000000	59000000	1180.1609
29000000	59000000	686.76373
30000000	59000000	731.83136
31000000	59000000	4057.9163
32000000	59000000	10289.958
33000000	59000000	9225.396
34000000	59000000	13613.039
35000000	59000000	7638.696
46000000	59000000	14984.038
47000000	59000000	9610.007
48000000	59000000	10504.568
49000000	59000000	12256.638
50000000	59000000	8459.222
51000000	59000000	22829.266
52000000	59000000	27223.293
53000000	59000000	14181.252
54000000	59000000	27192.418
55000000	59000000	29339.809
56000000	59000000	16470.059
57000000	59000000	13103.469
58000000	59000000	115895.53
59000000	59000000	750129.4
0	60000000	675.45197
1000000	60000000	724.11914
2000000	60000000	487.23178
3000000	60000000	821.5068
4000000	60000000	1187.7552
5000000	60000000	5024.2827
6000000	60000000	8278.698
7000000	60000000	9176.267
8000000	60000000	5124.095
9000000	60000000	2920.2363
10000000	60000000	1676.4061
11000000	60000000	826.29694
12000000	60000000	1799.2628
13000000	60000000	3487.026
14000000	60000000	1224.1194
15000000	60000000	1076.3458
16000000	60000000	1313.0682
17000000	60000000	2012.0305
18000000	60000000	1628.7964
19000000	60000000	1933.235
20000000	60000000	2398.1072
21000000	60000000	883.6947
22000000	60000000	1185.7045
23000000	60000000	1175.9478
24000000	60000000	2222.186
25000000	60000000	3892.8513
26000000	60000000	5573.588
27000000	60000000	2164.4844
28000000	60000000	978.1563
29000000	60000000	645.59827
30000000	60000000	610.5395
31000000	60000000	3528.2722
32000000	60000000	10399.622
33000000	60000000	9284.512
34000000	60000000	15549.939
35000000	60000000	9346.1045
46000000	60000000	15850.182
47000000	60000000	8906.347
48000000	60000000	9203.344
49000000	60000000	10579.658
50000000	60000000	7347.3574
51000000	60000000	20437.594
52000000	60000000	24569.63
53000000	60000000	11629.956
54000000	60000000	23687.686
55000000	60000000	24013.898
56000000	60000000	12259.659
57000000	60000000	9410.799
58000000	60000000	53983.67
59000000	60000000	233641.61
60000000	60000000	747143.75
0	61000000	675.98016
1000000	61000000	601.5443
2000000	61000000	516.5802
3000000	61000000	907.8656
4000000	61000000	1235.2065
5000000	61000000	4478.5674
6000000	61000000	6830.496
7000000	61000000	7538.6865
8000000	61000000	4781.2314
9000000	61000000	2997.7788
10000000	61000000	1853.5446
11000000	61000000	950.734
12000000	61000000	1951.1885
13000000	61000000	3324.2744
14000000	61000000	1272.4286
15000000	61000000	1138.0098
16000000	61000000	1400.3312
17000000	61000000	1999.125
18000000	61000000	1662.5697
19000000	61000000	2007.7482
20000000	61000000	2341.4607
21000000	61000000	966.31696
22000000	61000000	1325.2328
23000000	61000000	1363.3097
24000000	61000000	2386.0579
25000000	61000000	3857.3916
26000000	61000000	4964.7095
27000000	61000000	2301.8188
28000000	61000000	1095.4329
29000000	61000000	622.0113
30000000	61000000	736.87476
31000000	61000000	3552.6675
32000000	61000000	8653.392
33000000	61000000	7936.375
34000000	61000000	12698.133
35000000	61000000	8059.894
46000000	61000000	13885.675
47000000	61000000	9399.615
48000000	61000000	9774.993
49000000	61000000	10614.492
50000000	61000000	7933.4043
51000000	61000000	18825.896
52000000	61000000	22005.781
53000000	61000000	12609.839
54000000	61000000	20602.139
55000000	61000000	20766.275
56000000	61000000	11915.417
57000000	61000000	8930.389
58000000	61000000	42523.848
59000000	61000000	117102.7
60000000	61000000	201062.1
61000000	61000000	748437.3
0	62000000	710.6898
1000000	62000000	676.36584
2000000	62000000	482.6961
3000000	62000000	916.15393
4000000	62000000	1327.7922
5000000	62000000	4445.408
6000000	62000000	6460.7607
7000000	62000000	7196.114
8000000	62000000	4845.689
9000000	62000000	3123.555
10000000	62000000	1966.2842
11000000	62000000	986.92474
12000000	62000000	2130.7773
13000000	62000000	3567.778
14000000	62000000	1299.9963
15000000	62000000	1149.2671
16000000	62000000	1488.2087
17000000	62000000	2067.9937
18000000	62000000	1699.0149
19000000	62000000	2091.9832
20000000	62000000	2361.8083
21000000	62000000	1066.9852
22000000	62000000	1321.5494
23000000	62000000	1360.1892
24000000	62000000	2390.678
25000000	62000000	3795.473
26000000	62000000	4782.22
27000000	62000000	2452.2231
28000000	62000000	1194.3616
29000000	62000000	716.8898
30000000	62000000	802.9611
31000000	62000000	3730.745
32000000	62000000	8402.398
33000000	62000000	8129.235
34000000	62000000	12335.031
35000000	62000000	6685.5547
46000000	62000000	13531.274
47000000	62000000	9931.12
48000000	62000000	10134.622
49000000	62000000	10657.036
50000000	62000000	8254.013
51000000	62000000	17937.3
52000000	62000000	20140.963
53000000	62000000	12656.349
54000000	62000000	18515.725
55000000	62000000	18354.508
56000000	62000000	11108.537
57000000	62000000	8405.949
58000000	62000000	37733.324
59000000	62000000	81465.39
60000000	62000000	95028.41
61000000	62000000	193464.53
62000000	62000000	735949.5
0	63000000	662.7536
1000000	63000000	635.29895
2000000	63000000	450.94238
3000000	63000000	846.46344
4000000	63000000	1241.0596
5000000	63000000	4743.256
6000000	63000000	7522.663
7000000	63000000	8187.845
8000000	63000000	4980.6113
9000000	63000000	2909.9949
10000000	63000000	1750.2881
11000000	63000000	850.93713
12000000	63000000	1866.5219
13000000	63000000	3532.2742
14000000	63000000	1189.48
15000000	63000000	1057.4956
16000000	63000000	1316.8788
17000000	63000000	2080.17
18000000	63000000	1697.3325
19000000	63000000	1961.6868
20000000	63000000	2370.7852
21000000	63000000	1006.23553
22000000	63000000	1229.2614
23000000	63000000	1360.3666
24000000	63000000	2355.5913
25000000	63000000	3942.2153
26000000	63000000	5442.664
27000000	63000000	2310.4783
28000000	63000000	1037.448
29000000	63000000	563.46954
30000000	63000000	668.40027
31000000	63000000	3244.4597
32000000	63000000	9320.925
33000000	63000000	8329.8125
34000000	63000000	14090.73
35000000	63000000	7900.4814
46000000	63000000	13693.211
47000000	63000000	9155.493
48000000	63000000	9447.5205
49000000	63000000	10733.172
50000000	63000000	7185.336
51000000	63000000	18880.035
52000000	63000000	20548.957
53000000	63000000	10354.781
54000000	63000000	18550.717
55000000	63000000	17797.365
56000000	63000000	9064.285
57000000	63000000	5970.379
58000000	63000000	20449.107
59000000	63000000	51931.906
60000000	63000000	59733.65
61000000	63000000	83398.89
62000000	63000000	199706.25
63000000	63000000	719112.8
0	64000000	711.79065
1000000	64000000	620.7709
2000000	64000000	449.90094
3000000	64000000	806.4037
4000000	64000000	1300.9912
5000000	64000000	5580.097
6000000	64000000	8603.06
7000000	64000000	9477.296
8000000	64000000	5580.7993
9000000	64000000	3255.0981
10000000	64000000	1943.5385
11000000	64000000	975.5213
12000000	64000000	2088.7122
13000000	64000000	3820.824
14000000	64000000	1249.9177
15000000	64000000	1054.6346
16000000	64000000	1443.3765
17000000	64000000	2212.621
18000000	64000000	1766.575
19000000	64000000	2129.248
20000000	64000000	2605.992
21000000	64000000	939.5858
22000000	64000000	1424.345
23000000	64000000	1423.878
24000000	64000000	2401.8823
25000000	64000000	4351.3677
26000000	64000000	6085.8286
27000000	64000000	2496.551
28000000	64000000	1208.8113
29000000	64000000	660.45514
30000000	64000000	702.34247
31000000	64000000	3527.7493
32000000	64000000	10294.162
33000000	64000000	9751.347
34000000	64000000	15953.918
35000000	64000000	9055.488
46000000	64000000	15298.118
47000000	64000000	9150.767
48000000	64000000	9801.614
49000000	64000000	11175.264
50000000	64000000	7363.25
51000000	64000000	19142.072
52000000	64000000	20540.596
53000000	64000000	9808.388
54000000	64000000	18607.38
55000000	64000000	17900.35
56000000	64000000	8757.159
57000000	64000000	5506.4023
58000000	64000000	15326.051
59000000	64000000	38991.434
60000000	64000000	43385.34
61000000	64000000	51378.504
62000000	64000000	73140.77
63000000	64000000	209716.3
64000000	64000000	781687.2
0	65000000	789.6271
1000000	65000000	956.69574
2000000	65000000	552.5502
3000000	65000000	1021.15
4000000	65000000	1661.3564
5000000	65000000	8205.967
6000000	65000000	10617.667
7000000	65000000	10865.682
8000000	65000000	7345.7446
9000000	65000000	4299.645
10000000	65000000	2347.7173
11000000	65000000	955.47675
12000000	65000000	2623.721
13000000	65000000	5155.4673
14000000	65000000	1448.1655
15000000	65000000	1439.0505
16000000	65000000	1816.218
17000000	65000000	2706.0933
18000000	65000000	2235.32
19000000	65000000	2679.5571
20000000	65000000	3408.084
21000000	65000000	1253.9115
22000000	65000000	1736.4458
23000000	65000000	1601.2539
24000000	65000000	2993.8855
25000000	65000000	6015.1426
26000000	65000000	8854.417
27000000	65000000	3599.277
28000000	65000000	1571.3804
29000000	65000000	762.43427
30000000	65000000	766.3699
31000000	65000000	4121.591
32000000	65000000	11629.41
33000000	65000000	10874.509
34000000	65000000	15618.841
35000000	65000000	8502.891
46000000	65000000	17433.541
47000000	65000000	10125.994
48000000	65000000	12279.535
49000000	65000000	16258.504
50000000	65000000	9583.063
51000000	65000000	25005.822
52000000	65000000	23541.746
53000000	65000000	10985.036
54000000	65000000	24128.385
55000000	65000000	24386.193
56000000	65000000	11240.047
57000000	65000000	6186.129
58000000	65000000	17185.842
59000000	65000000	36138.64
60000000	65000000	36028.91
61000000	65000000	39026.918
62000000	65000000	51733.746
63000000	65000000	102884.86
64000000	65000000	192042.39
65000000	65000000	711384.44
0	66000000	2764.7346
1000000	66000000	2671.96
2000000	66000000	2645.0417
3000000	66000000	4002.4727
4000000	66000000	7172.3794
5000000	66000000	7427.4585
6000000	66000000	4044.956
7000000	66000000	3876.281
8000000	66000000	6427.5327
9000000	66000000	6355.9253
10000000	66000000	4967.5547
11000000	66000000	4406.402
12000000	66000000	5754.0947
13000000	66000000	4264.485
14000000	66000000	4604.5083
15000000	66000000	4429.125
16000000	66000000	3782.5688
17000000	66000000	4245.1094
18000000	66000000	3784.7825
19000000	66000000	4776.1606
20000000	66000000	4838.8086
21000000	66000000	3686.4744
22000000	66000000	4075.9973
23000000	66000000	5304.922
24000000	66000000	6488.9243
25000000	66000000	6578.6875
26000000	66000000	6667.8013
27000000	66000000	7942.5186
28000000	66000000	6197.0073
29000000	66000000	3680.414
30000000	66000000	4457.6133
31000000	66000000	7680.8755
32000000	66000000	5282.694
33000000	66000000	5940.246
34000000	66000000	4667.474
35000000	66000000	2190.5547
46000000	66000000	11821.726
47000000	66000000	13734.66
48000000	66000000	16026.801
49000000	66000000	20082.523
50000000	66000000	19642.621
51000000	66000000	16508.62
52000000	66000000	13252.891
53000000	66000000	17226.031
54000000	66000000	16494.455
55000000	66000000	19767.434
56000000	66000000	24840.299
57000000	66000000	22681.34
58000000	66000000	28395.322
59000000	66000000	14336.216
60000000	66000000	12368.678
61000000	66000000	14448.085
62000000	66000000	19261.557
63000000	66000000	30472.135
64000000	66000000	40117.188
65000000	66000000	137737.53
66000000	66000000	735703.7
0	67000000	6875.471
1000000	67000000	5911.1377
2000000	67000000	9283.421
3000000	67000000	9482.912
4000000	67000000	9749.032
5000000	67000000	2249.564
6000000	67000000	702.0889
7000000	67000000	711.3039
8000000	67000000	1852.0706
9000000	67000000	2538.912
10000000	67000000	3527.6963
11000000	67000000	6599.1963
12000000	67000000	3858.6443
13000000	67000000	1589.7336
14000000	67000000	4685.4023
15000000	67000000	5351.5967
16000000	67000000	3599.069
17000000	67000000	2546.104
18000000	67000000	2943.1592
19000000	67000000	3070.846
20000000	67000000	2518.9546
21000000	67000000	4428.8105
22000000	67000000	4721.155
23000000	67000000	5543.9233
24000000	67000000	3900.5342
25000000	67000000	2320.4585
26000000	67000000	1236.6061
27000000	67000000	4144.318
28000000	67000000	8326.86
29000000	67000000	9359.785
30000000	67000000	12803.946
31000000	67000000	6178.399
32000000	67000000	1105.9158
33000000	67000000	1445.4503
34000000	67000000	867.59155
35000000	67000000	526.7292
46000000	67000000	4790.9
47000000	67000000	6578.4927
48000000	67000000	5799.9434
49000000	67000000	4723.3784
50000000	67000000	9443.09
51000000	67000000	2674.2944
52000000	67000000	2412.6372
53000000	67000000	7018.281
54000000	67000000	2900.5898
55000000	67000000	3354.3774
56000000	67000000	13848.735
57000000	67000000	24882.373
58000000	67000000	11625.128
59000000	67000000	2656.2537
60000000	67000000	2651.469
61000000	67000000	3126.8406
62000000	67000000	3788.754
63000000	67000000	4273.3745
64000000	67000000	5496.6167
65000000	67000000	7858.9224
66000000	67000000	129607.71
67000000	67000000	1038721.94
0	68000000	4759.4146
1000000	68000000	4357.117
2000000	68000000	6248.2295
3000000	68000000	8064.478
4000000	68000000	6342.7983
5000000	68000000	1844.2859
6000000	68000000	856.5198
7000000	68000000	843.6843
8000000	68000000	1644.087
9000000	68000000	2220.176
10000000	68000000	3119.1196
11000000	68000000	5224.812
12000000	68000000	3969.8135
13000000	68000000	2226.9207
14000000	68000000	4122.925
15000000	68000000	4530.395
16000000	68000000	3333.335
17000000	68000000	2739.2048
18000000	68000000	2575.1313
19000000	68000000	3119.3003
20000000	68000000	2725.5437
21000000	68000000	4071.5417
22000000	68000000	4564.7104
23000000	68000000	5121.8066
24000000	68000000	3839.9004
25000000	68000000	2245.7068
26000000	68000000	1502.0812
27000000	68000000	3765.0896
28000000	68000000	5801.508
29000000	68000000	6713.3306
30000000	68000000	7013.6255
31000000	68000000	4005.0657
32000000	68000000	1409.7015
33000000	68000000	1538.3907
34000000	68000000	1203.3005
35000000	68000000	662.8093
46000000	68000000	4502.2925
47000000	68000000	5472.822
48000000	68000000	4908.473
49000000	68000000	4250.3916
50000000	68000000	6482.248
51000000	68000000	2666.9546
52000000	68000000	2555.3564
53000000	68000000	5443.336
54000000	68000000	2951.2734
55000000	68000000	3244.4185
56000000	68000000	9360.133
57000000	68000000	14629.72
58000000	68000000	7670.765
59000000	68000000	2767.9355
60000000	68000000	2651.5488
61000000	68000000	3111.0425
62000000	68000000	3578.2236
63000000	68000000	4000.6008
64000000	68000000	4978.035
65000000	68000000	6525.9346
66000000	68000000	27362.479
67000000	68000000	221250.83
68000000	68000000	994818.5
0	69000000	4102.1113
1000000	69000000	3477.524
2000000	69000000	5033.9683
3000000	69000000	6606.147
4000000	69000000	5711.7026
5000000	69000000	1618.11
6000000	69000000	748.04407
7000000	69000000	680.2656
8000000	69000000	1582.0378
9000000	69000000	2080.4468
10000000	69000000	2990.8125
11000000	69000000	5199.598
12000000	69000000	4049.497
13000000	69000000	1964.8619
14000000	69000000	4381.631
15000000	69000000	5040.7744
16000000	69000000	3283.4185
17000000	69000000	2501.325
18000000	69000000	2661.824
19000000	69000000	3149.248
20000000	69000000	2731.5176
21000000	69000000	4195.249
22000000	69000000	4620.7915
23000000	69000000	5396.461
24000000	69000000	4055.8708
25000000	69000000	2338.5493
26000000	69000000	1275.4503
27000000	69000000	3612.018
28000000	69000000	5561.094
29000000	69000000	5915.998
30000000	69000000	6171.967
31000000	69000000	3324.452
32000000	69000000	1032.6617
33000000	69000000	1390.6326
34000000	69000000	851.9109
35000000	69000000	530.4151
46000000	69000000	3997.8408
47000000	69000000	5849.905
48000000	69000000	4932.6533
49000000	69000000	3970.334
50000000	69000000	6643.6704
51000000	69000000	2482.827
52000000	69000000	2310.5098
53000000	69000000	6093.882
54000000	69000000	2753.3296
55000000	69000000	3028.5972
56000000	69000000	10170.221
57000000	69000000	14290.702
58000000	69000000	8572.487
59000000	69000000	2466.291
60000000	69000000	2428.6694
61000000	69000000	2869.5437
62000000	69000000	3369.24
63000000	69000000	3652.0066
64000000	69000000	4258.139
65000000	69000000	5583.8584
66000000	69000000	22539.443
67000000	69000000	58992.15
68000000	69000000	256276.11
69000000	69000000	1017964.0
0	70000000	3667.4004
1000000	70000000	3254.784
2000000	70000000	4173.747
3000000	70000000	4994.6455
4000000	70000000	6079.741
5000000	70000000	2373.6772
6000000	70000000	981.758
7000000	70000000	932.3556
8000000	70000000	2190.3416
9000000	70000000	2696.5125
10000000	70000000	2935.8586
11000000	70000000	4453.763
12000000	70000000	3853.5715
13000000	70000000	2001.7572
14000000	70000000	4189.0093
15000000	70000000	9656.006
16000000	70000000	3505.3374
17000000	70000000	2801.5063
18000000	70000000	3549.3577
19000000	70000000	3740.284
20000000	70000000	3450.9077
21000000	70000000	4593.817
22000000	70000000	4706.778
23000000	70000000	5461.448
24000000	70000000	4507.608
25000000	70000000	3236.4065
26000000	70000000	2207.198
27000000	70000000	4663.284
28000000	70000000	6425.9673
29000000	70000000	5653.672
30000000	70000000	5686.9014
31000000	70000000	3940.0515
32000000	70000000	1308.7455
33000000	70000000	1665.6003
34000000	70000000	1124.6781
35000000	70000000	647.2065
46000000	70000000	4524.7817
47000000	70000000	6068.1304
48000000	70000000	6096.3774
49000000	70000000	6290.3403
50000000	70000000	8890.272
51000000	70000000	3863.9392
52000000	70000000	3544.3604
53000000	70000000	8195.467
54000000	70000000	4122.261
55000000	70000000	4873.9453
56000000	70000000	11986.613
57000000	70000000	14588.344
58000000	70000000	12774.978
59000000	70000000	3435.9963
60000000	70000000	3276.999
61000000	70000000	4077.7163
62000000	70000000	4534.469
63000000	70000000	4752.593
64000000	70000000	5457.8535
65000000	70000000	7571.3315
66000000	70000000	27412.738
67000000	70000000	36638.81
68000000	70000000	46582.484
69000000	70000000	171320.72
70000000	70000000	1017682.06
0	71000000	2515.9968
1000000	71000000	2168.4016
2000000	71000000	2400.3918
3000000	71000000	3655.4912
4000000	71000000	4768.4556
5000000	71000000	3281.1433
6000000	71000000	1782.2019
7000000	71000000	1686.4708
8000000	71000000	2996.3142
9000000	71000000	3541.5093
10000000	71000000	3419.1814
11000000	71000000	3868.4688
12000000	71000000	4152.9575
13000000	71000000	2920.1995
14000000	71000000	3758.1912
15000000	71000000	3971.815
16000000	71000000	3050.7654
17000000	71000000	3285.3843
18000000	71000000	3341.032
19000000	71000000	4069.5674
20000000	71000000	4062.7087
21000000	71000000	3706.0737
22000000	71000000	4216.3877
23000000	71000000	5060.14
24000000	71000000	5205.0566
25000000	71000000	4291.18
26000000	71000000	3551.1365
27000000	71000000	5349.197
28000000	71000000	4503.857
29000000	71000000	3294.556
30000000	71000000	3572.029
31000000	71000000	4640.4043
32000000	71000000	2440.99
33000000	71000000	2912.8315
34000000	71000000	2077.4854
35000000	71000000	1076.1362
46000000	71000000	6337.64
47000000	71000000	8111.112
48000000	71000000	8238.335
49000000	71000000	8540.481
50000000	71000000	10272.01
51000000	71000000	6438.7974
52000000	71000000	6143.2495
53000000	71000000	10229.949
54000000	71000000	6476.5396
55000000	71000000	7474.5317
56000000	71000000	12652.031
57000000	71000000	12321.5625
58000000	71000000	13936.439
59000000	71000000	6164.53
60000000	71000000	5565.3145
61000000	71000000	6696.8765
62000000	71000000	7446.299
63000000	71000000	8113.712
64000000	71000000	9274.343
65000000	71000000	12281.689
66000000	71000000	26742.143
67000000	71000000	19268.9
68000000	71000000	23018.654
69000000	71000000	38237.24
70000000	71000000	139970.52
71000000	71000000	938931.6
0	72000000	1697.5721
1000000	72000000	1442.3477
2000000	72000000	1470.0824
3000000	72000000	2469.8745
4000000	72000000	3161.9355
5000000	72000000	3414.333
6000000	72000000	2141.435
7000000	72000000	1978.9426
8000000	72000000	3042.6792
9000000	72000000	3146.3264
10000000	72000000	3152.4548
11000000	72000000	2724.791
12000000	72000000	3618.9375
13000000	72000000	2616.5723
14000000	72000000	3105.9326
15000000	72000000	2529.1304
16000000	72000000	2356.2112
17000000	72000000	2790.0444
18000000	72000000	2390.482
19000000	72000000	3249.386
20000000	72000000	3087.6804
21000000	72000000	2544.6685
22000000	72000000	2564.7673
23000000	72000000	3394.1792
24000000	72000000	3976.3105
25000000	72000000	3694.0
26000000	72000000	3388.422
27000000	72000000	4259.2925
28000000	72000000	2984.3303
29000000	72000000	2075.2798
30000000	72000000	2174.0393
31000000	72000000	4389.777
32000000	72000000	3204.138
33000000	72000000	3470.3005
34000000	72000000	2956.6497
35000000	72000000	1575.6761
46000000	72000000	6818.1436
47000000	72000000	8317.359
48000000	72000000	8163.485
49000000	72000000	7954.2173
50000000	72000000	9140.134
51000000	72000000	7099.819
52000000	72000000	6889.1455
53000000	72000000	10732.405
54000000	72000000	7290.3677
55000000	72000000	7961.0713
56000000	72000000	10724.1875
57000000	72000000	9239.0625
58000000	72000000	12793.475
59000000	72000000	7680.669
60000000	72000000	7442.8213
61000000	72000000	8649.513
62000000	72000000	9750.412
63000000	72000000	10186.822
64000000	72000000	11087.622
65000000	72000000	13384.898
66000000	72000000	21507.668
67000000	72000000	10890.942
68000000	72000000	12754.938
69000000	72000000	17531.957
70000000	72000000	35670.22
71000000	72000000	163124.06
72000000	72000000	799394.5
0	73000000	1185.8268
1000000	73000000	1139.9081
2000000	73000000	941.2735
3000000	73000000	1567.27
4000000	73000000	2145.7263
5000000	73000000	4425.0557
6000000	73000000	4178.3877
7000000	73000000	3992.4238
8000000	73000000	3843.178
9000000	73000000	3430.8035
10000000	73000000	2639.3975
11000000	73000000	1727.8567
12000000	73000000	3062.4397
13000000	73000000	3729.3782
14000000	73000000	1999.5333
15000000	73000000	1928.9117
16000000	73000000	1987.5919
17000000	73000000	2797.718
18000000	73000000	2498.5776
19000000	73000000	2916.5159
20000000	73000000	3556.7183
21000000	73000000	1941.9243
22000000	73000000	2338.8784
23000000	73000000	2408.6191
24000000	73000000	3294.3323
25000000	73000000	4613.161
26000000	73000000	5626.6143
27000000	73000000	3734.1116
28000000	73000000	2111.0537
29000000	73000000	1305.4303
30000000	73000000	1308.8457
31000000	73000000	3593.3074
32000000	73000000	5049.0396
33000000	73000000	4898.2554
34000000	73000000	5720.544
35000000	73000000	3247.8083
46000000	73000000	8414.204
47000000	73000000	6956.5337
48000000	73000000	8162.108
49000000	73000000	9663.4
50000000	73000000	7561.4385
51000000	73000000	11735.324
52000000	73000000	11203.671
53000000	73000000	8579.07
54000000	73000000	10829.247
55000000	73000000	11782.689
56000000	73000000	9267.295
57000000	73000000	6066.907
58000000	73000000	10011.947
59000000	73000000	12802.411
60000000	73000000	11908.898
61000000	73000000	12567.723
62000000	73000000	13868.621
63000000	73000000	15730.221
64000000	73000000	17476.125
65000000	73000000	22227.662
66000000	73000000	19604.4
67000000	73000000	6285.4263
68000000	73000000	8319.253
69000000	73000000	9853.239
70000000	73000000	19430.242
71000000	73000000	53452.887
72000000	73000000	309680.38
73000000	73000000	803479.3
0	74000000	1927.9236
1000000	74000000	1683.3243
2000000	74000000	1926.3475
3000000	74000000	3061.3975
4000000	74000000	4218.0576
5000000	74000000	3422.0337
6000000	74000000	2089.1758
7000000	74000000	2077.1501
8000000	74000000	3108.6243
9000000	74000000	3287.5835
10000000	74000000	3189.8826
11000000	74000000	3392.1055
12000000	74000000	3834.3542
13000000	74000000	2577.0989
14000000	74000000	3211.976
15000000	74000000	3138.794
16000000	74000000	2608.115
17000000	74000000	2644.9297
18000000	74000000	2565.4272
19000000	74000000	3329.4514
20000000	74000000	3089.2449
21000000	74000000	2927.9702
22000000	74000000	3098.64
23000000	74000000	3948.4602
24000000	74000000	4371.0674
25000000	74000000	3800.771
26000000	74000000	3400.2131
27000000	74000000	4281.1724
28000000	74000000	3872.8918
29000000	74000000	2994.7114
30000000	74000000	2985.4663
31000000	74000000	4306.0586
32000000	74000000	2905.5164
33000000	74000000	3363.8755
34000000	74000000	2808.192
35000000	74000000	1354.1973
46000000	74000000	6908.232
47000000	74000000	8576.905
48000000	74000000	8673.899
49000000	74000000	8652.196
50000000	74000000	10627.783
51000000	74000000	7796.1807
52000000	74000000	7488.6216
53000000	74000000	12057.334
54000000	74000000	7906.5312
55000000	74000000	8778.092
56000000	74000000	13744.875
57000000	74000000	12957.689
58000000	74000000	16636.398
59000000	74000000	8677.488
60000000	74000000	7922.9233
61000000	74000000	8988.63
62000000	74000000	10149.296
63000000	74000000	10257.741
64000000	74000000	10922.489
65000000	74000000	12919.123
66000000	74000000	22122.768
67000000	74000000	13551.285
68000000	74000000	13260.565
69000000	74000000	20775.854
70000000	74000000	40190.234
71000000	74000000	49641.707
72000000	74000000	93995.37
73000000	74000000	141995.02
74000000	74000000	796746.6
0	75000000	1940.2074
1000000	75000000	1489.4019
2000000	75000000	1903.7064
3000000	75000000	3173.5002
4000000	75000000	4098.776
5000000	75000000	2906.5457
6000000	75000000	1450.3181
7000000	75000000	1445.3098
8000000	75000000	2880.7795
9000000	75000000	2993.5718
10000000	75000000	3319.562
11000000	75000000	3739.114
12000000	75000000	3537.1975
13000000	75000000	1999.4829
14000000	75000000	3211.1118
15000000	75000000	2582.3086
16000000	75000000	2069.2002
17000000	75000000	2346.1816
18000000	75000000	2134.1362
19000000	75000000	2793.423
20000000	75000000	2442.1165
21000000	75000000	2581.176
22000000	75000000	2461.271
23000000	75000000	3751.0532
24000000	75000000	3891.1792
25000000	75000000	3345.6968
26000000	75000000	2305.9478
27000000	75000000	4038.8135
28000000	75000000	3266.309
29000000	75000000	2560.6768
30000000	75000000	3304.07
31000000	75000000	4598.8223
32000000	75000000	2357.3386
33000000	75000000	2972.8247
34000000	75000000	2128.8245
35000000	75000000	1093.6847
46000000	75000000	6754.118
47000000	75000000	9329.975
48000000	75000000	8436.389
49000000	75000000	7143.427
50000000	75000000	10939.122
51000000	75000000	6521.7837
52000000	75000000	6620.2236
53000000	75000000	13688.933
54000000	75000000	6636.41
55000000	75000000	7197.084
56000000	75000000	13229.787
57000000	75000000	14053.717
58000000	75000000	15899.978
59000000	75000000	7338.2437
60000000	75000000	6985.6807
61000000	75000000	8094.321
62000000	75000000	8884.968
63000000	75000000	8658.16
64000000	75000000	9192.221
65000000	75000000	9566.812
66000000	75000000	18359.596
67000000	75000000	12766.778
68000000	75000000	11098.583
69000000	75000000	13265.825
70000000	75000000	18330.674
71000000	75000000	26446.75
72000000	75000000	32751.814
73000000	75000000	29227.115
74000000	75000000	197004.56
75000000	75000000	879471.4
0	76000000	776.3216
1000000	76000000	755.66284
2000000	76000000	621.4927
3000000	76000000	983.7529
4000000	76000000	1487.8497
5000000	76000000	3358.906
6000000	76000000	3643.3772
7000000	76000000	3707.4111
8000000	76000000	3511.551
9000000	76000000	3033.687
10000000	76000000	2034.4542
11000000	76000000	1258.9344
12000000	76000000	2538.7766
13000000	76000000	2902.8188
14000000	76000000	1512.423
15000000	76000000	1401.6499
16000000	76000000	1549.2589
17000000	76000000	2203.4104
18000000	76000000	1629.4672
19000000	76000000	2302.3628
20000000	76000000	2786.1675
21000000	76000000	1409.4431
22000000	76000000	1691.1108
23000000	76000000	1886.5388
24000000	76000000	2929.9812
25000000	76000000	4117.177
26000000	76000000	4735.097
27000000	76000000	2746.5264
28000000	76000000	1378.702
29000000	76000000	869.8421
30000000	76000000	860.6286
31000000	76000000	2837.9705
32000000	76000000	4506.6826
33000000	76000000	4831.059
34000000	76000000	5704.4053
35000000	76000000	2959.7876
46000000	76000000	6437.3687
47000000	76000000	7159.9487
48000000	76000000	7728.7017
49000000	76000000	8976.471
50000000	76000000	6583.181
51000000	76000000	13041.839
52000000	76000000	14603.941
53000000	76000000	9681.675
54000000	76000000	12355.485
55000000	76000000	12116.004
56000000	76000000	7803.025
57000000	76000000	4549.262
58000000	76000000	9713.816
59000000	76000000	16381.341
60000000	76000000	15166.3545
61000000	76000000	16639.807
62000000	76000000	17095.674
63000000	76000000	19980.713
64000000	76000000	19859.74
65000000	76000000	20212.805
66000000	76000000	13115.892
67000000	76000000	3550.1082
68000000	76000000	4189.195
69000000	76000000	4552.639
70000000	76000000	7631.7417
71000000	76000000	14505.908
72000000	76000000	20984.25
73000000	76000000	34608.773
74000000	76000000	42797.707
75000000	76000000	166651.64
76000000	76000000	908193.3
0	77000000	909.32135
1000000	77000000	987.19006
2000000	77000000	744.0472
3000000	77000000	1114.8057
4000000	77000000	2010.9608
5000000	77000000	4053.5864
6000000	77000000	3629.2842
7000000	77000000	3722.8125
8000000	77000000	4076.527
9000000	77000000	3519.01
10000000	77000000	2303.6904
11000000	77000000	1458.3387
12000000	77000000	2778.8977
13000000	77000000	3010.0876
14000000	77000000	1664.197
15000000	77000000	1570.6812
16000000	77000000	1625.6365
17000000	77000000	2211.473
18000000	77000000	1832.0333
19000000	77000000	2460.722
20000000	77000000	2911.0579
21000000	77000000	1391.8849
22000000	77000000	1809.3906
23000000	77000000	2224.446
24000000	77000000	3333.4885
25000000	77000000	4621.1943
26000000	77000000	5266.3726
27000000	77000000	3499.23
28000000	77000000	1780.7363
29000000	77000000	1073.5099
30000000	77000000	993.212
31000000	77000000	3049.5107
32000000	77000000	4426.204
33000000	77000000	4870.7925
34000000	77000000	5143.3794
35000000	77000000	2796.7346
46000000	77000000	7569.06
47000000	77000000	8020.437
48000000	77000000	9495.289
49000000	77000000	12349.494
50000000	77000000	9337.204
51000000	77000000	15209.342
52000000	77000000	14809.743
53000000	77000000	11374.628
54000000	77000000	14499.53
55000000	77000000	16031.501
56000000	77000000	10747.783
57000000	77000000	6128.6577
58000000	77000000	12901.065
59000000	77000000	15690.137
60000000	77000000	14375.866
61000000	77000000	15426.017
62000000	77000000	15739.497
63000000	77000000	17738.91
64000000	77000000	18476.158
65000000	77000000	22019.02
66000000	77000000	18513.592
67000000	77000000	4049.9746
68000000	77000000	4377.222
69000000	77000000	4727.8413
70000000	77000000	8287.45
71000000	77000000	15099.3545
72000000	77000000	19046.076
73000000	77000000	28897.672
74000000	77000000	36313.926
75000000	77000000	82655.65
76000000	77000000	190026.69
77000000	77000000	751000.9
0	78000000	1027.7391
1000000	78000000	977.15967
2000000	78000000	761.6608
3000000	78000000	1288.2235
4000000	78000000	2102.4153
5000000	78000000	4613.743
6000000	78000000	4183.241
7000000	78000000	4104.345
8000000	78000000	4273.9976
9000000	78000000	3828.3003
10000000	78000000	2631.4377
11000000	78000000	1675.8098
12000000	78000000	3082.8596
13000000	78000000	3123.0537
14000000	78000000	1905.8345
15000000	78000000	1649.0295
16000000	78000000	1725.9607
17000000	78000000	2363.3416
18000000	78000000	1882.0996
19000000	78000000	2602.6438
20000000	78000000	3079.16
21000000	78000000	1584.6605
22000000	78000000	1907.5979
23000000	78000000	2366.4348
24000000	78000000	3511.691
25000000	78000000	4484.2637
26000000	78000000	5222.955
27000000	78000000	3880.4282
28000000	78000000	1976.5034
29000000	78000000	1136.613
30000000	78000000	1070.866
31000000	78000000	3126.5728
32000000	78000000	4771.31
33000000	78000000	5080.558
34000000	78000000	6079.364
35000000	78000000	3145.3096
46000000	78000000	9034.594
47000000	78000000	8246.305
48000000	78000000	10088.447
49000000	78000000	12831.887
50000000	78000000	10110.314
51000000	78000000	14665.15
52000000	78000000	13284.142
53000000	78000000	11296.323
54000000	78000000	14161.039
55000000	78000000	15590.466
56000000	78000000	11761.931
57000000	78000000	6898.2446
58000000	78000000	12750.924
59000000	78000000	13960.527
60000000	78000000	12922.36
61000000	78000000	13412.259
62000000	78000000	14247.847
63000000	78000000	15615.505
64000000	78000000	16295.989
65000000	78000000	20610.768
66000000	78000000	18699.326
67000000	78000000	4278.9473
68000000	78000000	4627.2207
69000000	78000000	4882.747
70000000	78000000	7958.517
71000000	78000000	13262.783
72000000	78000000	16442.791
73000000	78000000	21515.402
74000000	78000000	24058.588
75000000	78000000	29944.611
76000000	78000000	45999.023
77000000	78000000	168605.52
78000000	78000000	690565.94
0	79000000	891.502
1000000	79000000	930.9833
2000000	79000000	695.86774
3000000	79000000	1143.635
4000000	79000000	1856.7559
5000000	79000000	5050.7812
6000000	79000000	5341.2
7000000	79000000	5412.213
8000000	79000000	4640.9023
9000000	79000000	3653.602
10000000	79000000	2428.2156
11000000	79000000	1396.5065
12000000	79000000	2659.0784
13000000	79000000	3532.2036
14000000	79000000	1492.6487
15000000	79000000	1458.7698
16000000	79000000	1531.0938
17000000	79000000	2391.3137
18000000	79000000	2000.0726
19000000	79000000	2340.8594
20000000	79000000	3094.2048
21000000	79000000	1406.4346
22000000	79000000	1829.3718
23000000	79000000	1941.8077
24000000	79000000	2858.3552
25000000	79000000	4675.6294
26000000	79000000	6024.603
27000000	79000000	3426.7803
28000000	79000000	1864.5391
29000000	79000000	1004.41437
30000000	79000000	893.22186
31000000	79000000	2870.6204
32000000	79000000	5665.68
33000000	79000000	5858.684
34000000	79000000	7715.874
35000000	79000000	3946.892
46000000	79000000	10149.783
47000000	79000000	6840.6943
48000000	79000000	9129.693
49000000	79000000	12715.844
50000000	79000000	8204.242
51000000	79000000	15438.932
52000000	79000000	13480.988
53000000	79000000	8298.34
54000000	79000000	14739.753
55000000	79000000	15864.004
56000000	79000000	9667.152
57000000	79000000	5398.66
58000000	79000000	9690.345
59000000	79000000	13815.864
60000000	79000000	13354.241
61000000	79000000	12908.234
62000000	79000000	13260.207
63000000	79000000	14740.26
64000000	79000000	16126.613
65000000	79000000	21903.752
66000000	79000000	15961.157
67000000	79000000	3449.902
68000000	79000000	3953.2966
69000000	79000000	3891.0813
70000000	79000000	6355.081
71000000	79000000	10281.639
72000000	79000000	11654.721
73000000	79000000	18846.664
74000000	79000000	16340.638
75000000	79000000	17271.936
76000000	79000000	31313.793
77000000	79000000	62126.71
78000000	79000000	245087.39
79000000	79000000	716498.6
0	80000000	1135.2605
1000000	80000000	1137.2152
2000000	80000000	944.08844
3000000	80000000	1551.246
4000000	80000000	2252.1482
5000000	80000000	4891.378
6000000	80000000	4432.8555
7000000	80000000	4549.196
8000000	80000000	4402.9243
9000000	80000000	3634.1724
10000000	80000000	2775.0154
11000000	80000000	1828.1437
12000000	80000000	2996.072
13000000	80000000	3342.9233
14000000	80000000	2055.1497
15000000	80000000	1696.0676
16000000	80000000	1796.6875
17000000	80000000	2541.6128
18000000	80000000	2002.9287
19000000	80000000	2745.5098
20000000	80000000	3047.4805
21000000	80000000	1640.0138
22000000	80000000	1996.0594
23000000	80000000	2363.9375
24000000	80000000	3194.0059
25000000	80000000	4515.1733
26000000	80000000	5532.2495
27000000	80000000	3793.2886
28000000	80000000	2109.6763
29000000	80000000	1383.9904
30000000	80000000	1362.2417
31000000	80000000	3613.8716
32000000	80000000	5035.76
33000000	80000000	5480.724
34000000	80000000	6519.6025
35000000	80000000	3343.35
46000000	80000000	9778.728
47000000	80000000	7766.8945
48000000	80000000	9307.799
49000000	80000000	11906.27
50000000	80000000	9342.778
51000000	80000000	13603.431
52000000	80000000	12337.947
53000000	80000000	9737.135
54000000	80000000	12489.662
55000000	80000000	13792.893
56000000	80000000	10482.451
57000000	80000000	6796.393
58000000	80000000	10787.975
59000000	80000000	11931.096
60000000	80000000	11397.432
61000000	80000000	11337.817
62000000	80000000	11861.044
63000000	80000000	12504.676
64000000	80000000	13632.9375
65000000	80000000	17914.883
66000000	80000000	16061.494
67000000	80000000	4451.627
68000000	80000000	4729.0513
69000000	80000000	4802.025
70000000	80000000	7025.2983
71000000	80000000	11520.047
72000000	80000000	13149.085
73000000	80000000	17097.707
74000000	80000000	17220.744
75000000	80000000	19417.936
76000000	80000000	27529.89
77000000	80000000	49656.914
78000000	80000000	115196.95
79000000	80000000	240016.23
80000000	80000000	771620.06
0	81000000	2284.2388
1000000	81000000	1974.5314
2000000	81000000	2277.0178
3000000	81000000	3506.1187
4000000	81000000	4944.5044
5000000	81000000	3522.7249
6000000	81000000	1591.9889
7000000	81000000	1438.3044
8000000	81000000	3113.6113
9000000	81000000	3619.8354
10000000	81000000	3833.6423
11000000	81000000	4123.671
12000000	81000000	3749.023
13000000	81000000	2230.0227
14000000	81000000	3718.5095
15000000	81000000	3245.2122
16000000	81000000	2604.7056
17000000	81000000	2839.7764
18000000	81000000	2670.6777
19000000	81000000	3650.8618
20000000	81000000	3379.0718
21000000	81000000	3337.1628
22000000	81000000	3258.8015
23000000	81000000	4275.0283
24000000	81000000	4296.506
25000000	81000000	3965.2456
26000000	81000000	2958.5298
27000000	81000000	5379.922
28000000	81000000	4381.691
29000000	81000000	3205.7332
30000000	81000000	3613.1392
31000000	81000000	4596.0317
32000000	81000000	2173.2654
33000000	81000000	3019.0134
34000000	81000000	1865.0813
35000000	81000000	937.749
46000000	81000000	6743.3438
47000000	81000000	8524.724
48000000	81000000	9411.366
49000000	81000000	10772.906
50000000	81000000	14221.001
51000000	81000000	7106.1807
52000000	81000000	5897.708
53000000	81000000	13101.317
54000000	81000000	7227.409
55000000	81000000	8963.766
56000000	81000000	17905.197
57000000	81000000	17107.27
58000000	81000000	17044.643
59000000	81000000	5552.916
60000000	81000000	5025.9883
61000000	81000000	6184.9414
62000000	81000000	6985.4507
63000000	81000000	6279.8354
64000000	81000000	6618.3516
65000000	81000000	7997.065
66000000	81000000	20308.795
67000000	81000000	11864.625
68000000	81000000	9655.644
69000000	81000000	10723.059
70000000	81000000	13884.273
71000000	81000000	17068.37
72000000	81000000	14227.334
73000000	81000000	11417.24
74000000	81000000	21759.027
75000000	81000000	26184.043
76000000	81000000	15343.543
77000000	81000000	26599.863
78000000	81000000	40773.258
79000000	81000000	42432.93
80000000	81000000	114636.766
81000000	81000000	944859.3
0	82000000	1312.8676
1000000	82000000	1426.7124
2000000	82000000	1010.9718
3000000	82000000	1590.626
4000000	82000000	2739.9172
5000000	82000000	5694.1743
6000000	82000000	4594.231
7000000	82000000	4399.73
8000000	82000000	4801.811
9000000	82000000	4530.9434
10000000	82000000	2992.1685
11000000	82000000	1797.3143
12000000	82000000	3458.7297
13000000	82000000	4314.2505
14000000	82000000	2274.2732
15000000	82000000	2400.5103
16000000	82000000	2380.0388
17000000	82000000	3551.7756
18000000	82000000	2870.903
19000000	82000000	3814.1292
20000000	82000000	4765.374
21000000	82000000	2188.6938
22000000	82000000	2762.886
23000000	82000000	2898.6199
24000000	82000000	4142.6587
25000000	82000000	6030.2393
26000000	82000000	7529.0776
27000000	82000000	5327.5396
28000000	82000000	2746.3816
29000000	82000000	1416.9259
30000000	82000000	1200.9318
31000000	82000000	3554.4917
32000000	82000000	4857.9966
33000000	82000000	5168.9863
34000000	82000000	5275.089
35000000	82000000	2810.9126
46000000	82000000	8621.579
47000000	82000000	7504.1543
48000000	82000000	10338.614
49000000	82000000	15979.308
50000000	82000000	10669.757
51000000	82000000	15238.4375
52000000	82000000	12897.196
53000000	82000000	9948.203
54000000	82000000	14194.7705
55000000	82000000	16871.914
56000000	82000000	12612.394
57000000	82000000	6467.96
58000000	82000000	10990.038
59000000	82000000	11096.174
60000000	82000000	10120.053
61000000	82000000	10241.386
62000000	82000000	10666.61
63000000	82000000	11400.437
64000000	82000000	12202.332
65000000	82000000	17380.094
66000000	82000000	18316.092
67000000	82000000	4088.548
68000000	82000000	4786.5493
69000000	82000000	4597.0615
70000000	82000000	7603.494
71000000	82000000	12433.503
72000000	82000000	12021.672
73000000	82000000	16611.025
74000000	82000000	15062.231
75000000	82000000	13540.597
76000000	82000000	21179.783
77000000	82000000	31364.758
78000000	82000000	40128.355
79000000	82000000	47440.793
80000000	82000000	63004.44
81000000	82000000	132671.03
82000000	82000000	761623.9
0	83000000	1718.6421
1000000	83000000	2013.808
2000000	83000000	1212.2277
3000000	83000000	1877.8688
4000000	83000000	3220.3616
5000000	83000000	6953.42
6000000	83000000	5925.3374
7000000	83000000	5849.441
8000000	83000000	5825.683
9000000	83000000	4916.885
10000000	83000000	3047.336
11000000	83000000	1641.3657
12000000	83000000	3791.8489
13000000	83000000	5173.1333
14000000	83000000	2262.0146
15000000	83000000	2598.7922
16000000	83000000	2822.4458
17000000	83000000	3800.3113
18000000	83000000	3353.0237
19000000	83000000	4222.368
20000000	83000000	5526.1304
21000000	83000000	2273.8506
22000000	83000000	3175.1985
23000000	83000000	2998.1821
24000000	83000000	4475.0947
25000000	83000000	7191.858
26000000	83000000	9287.277
27000000	83000000	5967.8516
28000000	83000000	3148.5593
29000000	83000000	1555.6274
30000000	83000000	1212.6471
31000000	83000000	3780.687
32000000	83000000	5979.1924
33000000	83000000	5901.599
34000000	83000000	6859.0205
35000000	83000000	3510.512
46000000	83000000	10215.856
47000000	83000000	7465.3135
48000000	83000000	10403.484
49000000	83000000	16126.402
50000000	83000000	9915.011
51000000	83000000	16808.77
52000000	83000000	14115.679
53000000	83000000	8699.901
54000000	83000000	15625.778
55000000	83000000	17876.82
56000000	83000000	11314.443
57000000	83000000	5619.9556
58000000	83000000	9779.673
59000000	83000000	11917.619
60000000	83000000	10876.13
61000000	83000000	10789.679
62000000	83000000	10686.771
63000000	83000000	12010.74
64000000	83000000	13409.805
65000000	83000000	19477.92
66000000	83000000	17026.92
67000000	83000000	4039.1096
68000000	83000000	4513.694
69000000	83000000	4317.1094
70000000	83000000	7522.666
71000000	83000000	11706.169
72000000	83000000	10838.85
73000000	83000000	16830.36
74000000	83000000	13263.449
75000000	83000000	10940.361
76000000	83000000	19380.771
77000000	83000000	27535.193
78000000	83000000	33101.574
79000000	83000000	40041.004
80000000	83000000	42687.434
81000000	83000000	44984.47
82000000	83000000	237978.92
83000000	83000000	724079.0
0	84000000	3765.516
1000000	84000000	3766.8135
2000000	84000000	3453.08
3000000	84000000	4743.7764
4000000	84000000	6460.8027
5000000	84000000	4473.425
6000000	84000000	2049.1646
7000000	84000000	1882.0107
8000000	84000000	3548.7192
9000000	84000000	4185.7915
10000000	84000000	3829.788
11000000	84000000	4194.63
12000000	84000000	4434.1025
13000000	84000000	3212.8477
14000000	84000000	4103.386
15000000	84000000	4430.629
16000000	84000000	3573.2678
17000000	84000000	3707.3801
18000000	84000000	3598.3926
19000000	84000000	4586.761
20000000	84000000	4695.8184
21000000	84000000	4121.288
22000000	84000000	4575.3223
23000000	84000000	5433.6553
24000000	84000000	5540.851
25000000	84000000	4805.6865
26000000	84000000	4321.722
27000000	84000000	6977.005
28000000	84000000	6069.1606
29000000	84000000	3951.948
30000000	84000000	3841.6772
31000000	84000000	4729.993
32000000	84000000	2538.5266
33000000	84000000	3010.591
34000000	84000000	2132.486
35000000	84000000	1190.4568
46000000	84000000	6368.9126
47000000	84000000	7174.101
48000000	84000000	8353.465
49000000	84000000	10426.557
50000000	84000000	11615.236
51000000	84000000	6702.8936
52000000	84000000	5461.2036
53000000	84000000	8898.115
54000000	84000000	6384.394
55000000	84000000	7773.6855
56000000	84000000	13191.744
57000000	84000000	12516.354
58000000	84000000	11101.522
59000000	84000000	4288.054
60000000	84000000	3837.2964
61000000	84000000	4242.4946
62000000	84000000	4514.113
63000000	84000000	4437.827
64000000	84000000	4691.3486
65000000	84000000	6472.7627
66000000	84000000	15874.776
67000000	84000000	10998.412
68000000	84000000	9185.291
69000000	84000000	9670.42
70000000	84000000	12842.946
71000000	84000000	13747.056
72000000	84000000	10335.227
73000000	84000000	9251.219
74000000	84000000	13187.763
75000000	84000000	13131.507
76000000	84000000	8725.858
77000000	84000000	12704.072
78000000	84000000	15058.095
79000000	84000000	14603.535
80000000	84000000	17697.27
81000000	84000000	37830.613
82000000	84000000	46002.527
83000000	84000000	149296.78
84000000	84000000	901449.6
0	85000000	4907.229
1000000	85000000	4890.284
2000000	85000000	4948.56
3000000	85000000	5445.871
4000000	85000000	6395.6714
5000000	85000000	2816.4927
6000000	85000000	1120.7112
7000000	85000000	1083.9797
8000000	85000000	2414.9106
9000000	85000000	3164.5662
10000000	85000000	3664.5906
11000000	85000000	4890.0015
12000000	85000000	4423.118
13000000	85000000	2478.9177
14000000	85000000	4311.2705
15000000	85000000	4656.9634
16000000	85000000	3525.74
17000000	85000000	3585.6655
18000000	85000000	3192.4275
19000000	85000000	4108.954
20000000	85000000	3947.2363
21000000	85000000	4472.0454
22000000	85000000	4468.068
23000000	85000000	5531.9155
24000000	85000000	4784.1562
25000000	85000000	3523.4312
26000000	85000000	2687.5728
27000000	85000000	6064.7485
28000000	85000000	6304.2207
29000000	85000000	5293.0225
30000000	85000000	4398.2705
31000000	85000000	4090.6033
32000000	85000000	1411.6731
33000000	85000000	1883.6207
34000000	85000000	1117.3789
35000000	85000000	564.6937
46000000	85000000	4408.009
47000000	85000000	5475.0054
48000000	85000000	6214.959
49000000	85000000	6948.3926
50000000	85000000	8903.491
51000000	85000000	3788.911
52000000	85000000	3206.6616
53000000	85000000	6739.768
54000000	85000000	3682.2517
55000000	85000000	4797.3525
56000000	85000000	11070.024
57000000	85000000	12494.983
58000000	85000000	8298.855
59000000	85000000	2385.436
60000000	85000000	2137.385
61000000	85000000	2498.3245
62000000	85000000	2745.487
63000000	85000000	2580.1616
64000000	85000000	2887.6448
65000000	85000000	3569.2764
66000000	85000000	12001.845
67000000	85000000	12685.618
68000000	85000000	10444.763
69000000	85000000	10402.768
70000000	85000000	11847.838
71000000	85000000	10932.674
72000000	85000000	7668.062
73000000	85000000	6195.7812
74000000	85000000	10260.889
75000000	85000000	10399.109
76000000	85000000	5584.9795
77000000	85000000	7666.8647
78000000	85000000	9133.218
79000000	85000000	8273.23
80000000	85000000	10435.388
81000000	85000000	24500.562
82000000	85000000	20917.941
83000000	85000000	33830.39
84000000	85000000	178155.42
85000000	85000000	927945.25
0	86000000	3733.9802
1000000	86000000	4699.9463
2000000	86000000	2638.0308
3000000	86000000	3071.742
4000000	86000000	4063.4932
5000000	86000000	4779.9155
6000000	86000000	3393.753
7000000	86000000	3167.0398
8000000	86000000	3758.441
9000000	86000000	4177.798
10000000	86000000	2984.665
11000000	86000000	2356.9998
12000000	86000000	4106.322
13000000	86000000	4750.3105
14000000	86000000	2798.7583
15000000	86000000	3753.6755
16000000	86000000	3606.2898
17000000	86000000	4506.517
18000000	86000000	3918.6377
19000000	86000000	4871.493
20000000	86000000	6194.466
21000000	86000000	3286.5613
22000000	86000000	4541.301
23000000	86000000	4084.0522
24000000	86000000	4782.4375
25000000	86000000	5806.058
26000000	86000000	7297.711
27000000	86000000	6673.9043
28000000	86000000	4350.8604
29000000	86000000	2923.249
30000000	86000000	1784.5277
31000000	86000000	3424.2073
32000000	86000000	3361.7698
33000000	86000000	3458.703
34000000	86000000	3277.7622
35000000	86000000	1861.241
46000000	86000000	6739.241
47000000	86000000	5032.007
48000000	86000000	7132.044
49000000	86000000	10967.831
50000000	86000000	7415.2456
51000000	86000000	8616.714
52000000	86000000	6791.103
53000000	86000000	5395.4585
54000000	86000000	7787.18
55000000	86000000	9244.783
56000000	86000000	8290.033
57000000	86000000	5629.854
58000000	86000000	5967.4453
59000000	86000000	4770.783
60000000	86000000	4331.284
61000000	86000000	4408.7007
62000000	86000000	4389.8994
63000000	86000000	4599.115
64000000	86000000	5172.87
65000000	86000000	7806.6606
66000000	86000000	11126.686
67000000	86000000	4988.659
68000000	86000000	5705.198
69000000	86000000	5081.0884
70000000	86000000	7369.576
71000000	86000000	9226.013
72000000	86000000	6909.078
73000000	86000000	9284.61
74000000	86000000	8230.106
75000000	86000000	6721.254
76000000	86000000	8297.39
77000000	86000000	11459.58
78000000	86000000	12416.695
79000000	86000000	14121.706
80000000	86000000	14250.5
81000000	86000000	16026.056
82000000	86000000	31083.352
83000000	86000000	47171.855
84000000	86000000	60498.926
85000000	86000000	224133.89
86000000	86000000	820179.9
0	87000000	6810.7144
1000000	87000000	7500.7183
2000000	87000000	5220.262
3000000	87000000	5432.4243
4000000	87000000	6117.1343
5000000	87000000	4639.98
6000000	87000000	2342.1685
7000000	87000000	2238.1177
8000000	87000000	3335.2544
9000000	87000000	3658.572
10000000	87000000	3226.4968
11000000	87000000	3392.0303
12000000	87000000	4044.1228
13000000	87000000	3687.3262
14000000	87000000	3787.9019
15000000	87000000	4984.991
16000000	87000000	4072.2024
17000000	87000000	4382.8975
18000000	87000000	4177.289
19000000	87000000	5030.9287
20000000	87000000	5304.956
21000000	87000000	4579.6846
22000000	87000000	5126.1777
23000000	87000000	4865.896
24000000	87000000	4688.568
25000000	87000000	4774.4277
26000000	87000000	5053.7744
27000000	87000000	6689.14
28000000	87000000	6378.9434
29000000	87000000	5439.687
30000000	87000000	3824.0225
31000000	87000000	4608.951
32000000	87000000	2751.5964
33000000	87000000	2977.1306
34000000	87000000	2370.8765
35000000	87000000	1318.0356
46000000	87000000	5700.997
47000000	87000000	5206.961
48000000	87000000	6268.7407
49000000	87000000	8191.1216
50000000	87000000	7615.0947
51000000	87000000	5689.0137
52000000	87000000	4627.4917
53000000	87000000	5551.0176
54000000	87000000	5285.425
55000000	87000000	6454.445
56000000	87000000	8328.455
57000000	87000000	7502.404
58000000	87000000	6744.0522
59000000	87000000	3397.325
60000000	87000000	3112.7703
61000000	87000000	3167.0671
62000000	87000000	3373.6235
63000000	87000000	3378.2717
64000000	87000000	3655.6277
65000000	87000000	5253.3945
66000000	87000000	10588.426
67000000	87000000	8405.359
68000000	87000000	7772.117
69000000	87000000	7208.5933
70000000	87000000	9717.267
71000000	87000000	9623.99
72000000	87000000	6863.642
73000000	87000000	7117.301
74000000	87000000	8348.83
75000000	87000000	7399.632
76000000	87000000	6153.856
77000000	87000000	8386.956
78000000	87000000	9194.224
79000000	87000000	9516.42
80000000	87000000	10482.927
81000000	87000000	15839.441
82000000	87000000	20655.682
83000000	87000000	28522.707
84000000	87000000	41659.164
85000000	87000000	74124.6
86000000	87000000	250948.17
87000000	87000000	849131.25
0	88000000	13447.886
1000000	88000000	13438.705
2000000	88000000	10497.889
3000000	88000000	7478.6787
4000000	88000000	6829.813
5000000	88000000	2977.9995
6000000	88000000	1496.4934
7000000	88000000	1295.7051
8000000	88000000	2089.787
9000000	88000000	2375.5786
10000000	88000000	2393.2314
11000000	88000000	3156.9165
12000000	88000000	2942.7773
13000000	88000000	2384.7388
14000000	88000000	3334.882
15000000	88000000	4878.796
16000000	88000000	3601.2952
17000000	88000000	3209.4473
18000000	88000000	3438.6448
19000000	88000000	3724.4917
20000000	88000000	3484.5833
21000000	88000000	3782.8782
22000000	88000000	4160.7637
23000000	88000000	3891.3367
24000000	88000000	3181.629
25000000	88000000	2851.9717
26000000	88000000	2822.2664
27000000	88000000	4753.7915
28000000	88000000	6830.2837
29000000	88000000	19177.607
30000000	88000000	5992.393
31000000	88000000	4531.1
32000000	88000000	1837.141
33000000	88000000	1982.859
34000000	88000000	1492.0695
35000000	88000000	803.93317
46000000	88000000	4164.4873
47000000	88000000	3690.5718
48000000	88000000	4033.5396
49000000	88000000	4700.2144
50000000	88000000	5448.521
51000000	88000000	3045.7358
52000000	88000000	2595.588
53000000	88000000	3647.0405
54000000	88000000	2858.1875
55000000	88000000	3330.2668
56000000	88000000	6215.9717
57000000	88000000	7791.329
58000000	88000000	5055.665
59000000	88000000	1999.8226
60000000	88000000	1782.987
61000000	88000000	2009.4385
62000000	88000000	2037.1301
63000000	88000000	1985.7958
64000000	88000000	2215.696
65000000	88000000	2997.9585
66000000	88000000	7123.9478
67000000	88000000	11183.488
68000000	88000000	8734.648
69000000	88000000	7668.225
70000000	88000000	8420.412
71000000	88000000	7124.3823
72000000	88000000	4823.323
73000000	88000000	4391.594
74000000	88000000	5775.1543
75000000	88000000	5724.628
76000000	88000000	3908.4683
77000000	88000000	4881.1177
78000000	88000000	5286.396
79000000	88000000	5403.4175
80000000	88000000	6211.5073
81000000	88000000	10649.497
82000000	88000000	10158.921
83000000	88000000	13499.615
84000000	88000000	23324.85
85000000	88000000	38551.79
86000000	88000000	56015.906
87000000	88000000	202996.19
88000000	88000000	934473.56
0	89000000	21745.4
1000000	89000000	13929.141
2000000	89000000	14088.083
3000000	89000000	8960.856
4000000	89000000	6764.088
5000000	89000000	1563.3387
6000000	89000000	570.05365
7000000	89000000	528.6491
8000000	89000000	1260.1565
9000000	89000000	1531.3779
10000000	89000000	2170.4734
11000000	89000000	3544.7263
12000000	89000000	2222.4634
13000000	89000000	1332.9185
14000000	89000000	3152.273
15000000	89000000	4096.548
16000000	89000000	2809.8625
17000000	89000000	2339.9194
18000000	89000000	2627.7874
19000000	89000000	2608.9648
20000000	89000000	1960.1064
21000000	89000000	3296.813
22000000	89000000	3250.1816
23000000	89000000	3290.5283
24000000	89000000	2169.513
25000000	89000000	1612.1635
26000000	89000000	988.6232
27000000	89000000	2705.78
28000000	89000000	5844.2056
29000000	89000000	7122.018
30000000	89000000	7832.5957
31000000	89000000	3839.808
32000000	89000000	842.25104
33000000	89000000	1011.753
34000000	89000000	643.2066
35000000	89000000	315.18933
46000000	89000000	2855.3582
47000000	89000000	3075.8716
48000000	89000000	2798.7031
49000000	89000000	2269.0293
50000000	89000000	4199.3667
51000000	89000000	1292.9227
52000000	89000000	1165.3263
53000000	89000000	3018.9072
54000000	89000000	1271.933
55000000	89000000	1486.7063
56000000	89000000	5195.184
57000000	89000000	8384.136
58000000	89000000	4111.833
59000000	89000000	1008.06744
60000000	89000000	1066.1694
61000000	89000000	1195.6158
62000000	89000000	1280.099
63000000	89000000	1241.6776
64000000	89000000	1290.6512
65000000	89000000	1400.9073
66000000	89000000	5224.3745
67000000	89000000	13664.45
68000000	89000000	9649.323
69000000	89000000	8897.682
70000000	89000000	7893.7173
71000000	89000000	5616.9116
72000000	89000000	3805.9556
73000000	89000000	2914.3674
74000000	89000000	5230.33
75000000	89000000	5593.632
76000000	89000000	2495.0796
77000000	89000000	2951.9187
78000000	89000000	3252.1272
79000000	89000000	3044.5015
80000000	89000000	3783.172
81000000	89000000	7967.0083
82000000	89000000	4504.497
83000000	89000000	5440.4224
84000000	89000000	12864.029
85000000	89000000	21554.174
86000000	89000000	15332.011
87000000	89000000	40377.09
88000000	89000000	267453.47
89000000	89000000	1052612.8
0	90000000	30302.33
1000000	90000000	13559.984
2000000	90000000	8116.0835
3000000	90000000	5919.6587
4000000	90000000	4809.514
5000000	90000000	1878.0648
6000000	90000000	949.5169
7000000	90000000	944.51154
8000000	90000000	1579.1434
9000000	90000000	1669.768
10000000	90000000	1691.7028
11000000	90000000	2241.4993
12000000	90000000	1829.1078
13000000	90000000	1452.3425
14000000	90000000	2375.369
15000000	90000000	3300.713
16000000	90000000	2330.489
17000000	90000000	2169.8875
18000000	90000000	2187.6196
19000000	90000000	2429.5994
20000000	90000000	2071.3057
21000000	90000000	2538.3875
22000000	90000000	2811.2925
23000000	90000000	2436.1104
24000000	90000000	1808.6611
25000000	90000000	1685.4125
26000000	90000000	1257.736
27000000	90000000	2657.9001
28000000	90000000	3826.99
29000000	90000000	3845.4321
30000000	90000000	4043.0645
31000000	90000000	3136.117
32000000	90000000	1054.6631
33000000	90000000	1460.2672
34000000	90000000	1044.6392
35000000	90000000	488.34225
46000000	90000000	3195.0984
47000000	90000000	2982.3274
48000000	90000000	3105.5298
49000000	90000000	2820.5046
50000000	90000000	3742.5178
51000000	90000000	1726.4299
52000000	90000000	1768.6974
53000000	90000000	2925.7493
54000000	90000000	1848.942
55000000	90000000	2100.1187
56000000	90000000	3881.1965
57000000	90000000	4675.166
58000000	90000000	3533.711
59000000	90000000	1395.7642
60000000	90000000	1175.7357
61000000	90000000	1288.4281
62000000	90000000	1497.8225
63000000	90000000	1460.5958
64000000	90000000	1553.6068
65000000	90000000	1736.6807
66000000	90000000	4817.5903
67000000	90000000	6889.3433
68000000	90000000	5881.133
69000000	90000000	5252.039
70000000	90000000	5196.6147
71000000	90000000	4731.2363
72000000	90000000	3407.6104
73000000	90000000	3015.2378
74000000	90000000	4446.142
75000000	90000000	4439.577
76000000	90000000	2752.0088
77000000	90000000	3274.563
78000000	90000000	3542.1956
79000000	90000000	3444.8164
80000000	90000000	3987.4355
81000000	90000000	6565.074
82000000	90000000	5174.23
83000000	90000000	6269.973
84000000	90000000	10540.201
85000000	90000000	13976.196
86000000	90000000	13711.008
87000000	90000000	24653.582
88000000	90000000	51063.223
89000000	90000000	236720.77
90000000	90000000	1332954.5
