20000000	20000000	843266.5
20000000	21000000	236794.44
21000000	21000000	928466.0
20000000	22000000	167815.42
21000000	22000000	200206.5
22000000	22000000	695158.0
20000000	23000000	70067.586
21000000	23000000	79616.55
22000000	23000000	204861.52
23000000	23000000	691746.6
20000000	24000000	52233.984
21000000	24000000	27126.213
22000000	24000000	39259.81
23000000	24000000	155468.28
24000000	24000000	743695.1
20000000	25000000	37978.094
21000000	25000000	24518.06
22000000	25000000	40955.582
23000000	25000000	91629.016
24000000	25000000	243667.89
25000000	25000000	695741.1
20000000	26000000	40946.29
21000000	26000000	20754.03
22000000	26000000	29866.102
23000000	26000000	70009.55
24000000	26000000	152369.16
25000000	26000000	228727.61
26000000	26000000	703921.8
20000000	27000000	43314.6
21000000	27000000	17820.615
22000000	27000000	21265.162
23000000	27000000	48949.445
24000000	27000000	99549.97
25000000	27000000	88706.53
26000000	27000000	181374.42
27000000	27000000	750177.3
20000000	28000000	30261.453
21000000	28000000	21511.428
22000000	28000000	41047.957
23000000	28000000	48533.035
24000000	28000000	46283.844
25000000	28000000	56452.15
26000000	28000000	72142.66
27000000	28000000	207222.9
28000000	28000000	734025.4
20000000	29000000	20940.623
21000000	29000000	18273.244
22000000	29000000	25678.17
23000000	29000000	31187.42
24000000	29000000	23039.824
25000000	29000000	29577.852
26000000	29000000	34452.816
27000000	29000000	56365.836
28000000	29000000	127290.234
29000000	29000000	746734.56
20000000	30000000	16547.008
21000000	30000000	12774.774
22000000	30000000	17163.85
23000000	30000000	18799.805
24000000	30000000	17827.93
25000000	30000000	19192.93
26000000	30000000	23658.137
27000000	30000000	36634.547
28000000	30000000	50349.203
29000000	30000000	221004.94
30000000	30000000	763055.75
20000000	31000000	6543.277
21000000	31000000	8147.8306
22000000	31000000	13366.955
23000000	31000000	12611.172
24000000	31000000	5530.914
25000000	31000000	9319.373
26000000	31000000	8388.13
27000000	31000000	8247.872
28000000	31000000	22946.36
29000000	31000000	35685.316
30000000	31000000	123532.48
31000000	31000000	906652.5
20000000	32000000	10899.131
21000000	32000000	10167.361
22000000	32000000	14656.234
23000000	32000000	14272.761
24000000	32000000	10748.8955
25000000	32000000	12786.305
26000000	32000000	15034.321
27000000	32000000	18547.33
28000000	32000000	27593.256
29000000	32000000	56798.383
30000000	32000000	113355.72
31000000	32000000	186475.73
32000000	32000000	761373.9
20000000	33000000	8456.805
21000000	33000000	8855.089
22000000	33000000	11781.761
23000000	33000000	10422.92
24000000	33000000	7005.3687
25000000	33000000	8141.6074
26000000	33000000	9200.111
27000000	33000000	9674.205
28000000	33000000	16411.203
29000000	33000000	28113.578
30000000	33000000	40122.312
31000000	33000000	53848.348
32000000	33000000	155100.48
33000000	33000000	825846.8
20000000	34000000	6597.9854
21000000	34000000	7566.7925
22000000	34000000	11524.669
23000000	34000000	9913.8
24000000	34000000	4934.8784
25000000	34000000	7315.184
26000000	34000000	6608.6753
27000000	34000000	6332.806
28000000	34000000	14453.346
29000000	34000000	18898.62
30000000	34000000	22370.11
31000000	34000000	36399.64
32000000	34000000	42685.074
33000000	34000000	173813.5
34000000	34000000	840189.8
20000000	35000000	7720.6406
21000000	35000000	8545.918
22000000	35000000	12424.683
23000000	35000000	10427.038
24000000	35000000	6785.3696
25000000	35000000	9949.278
26000000	35000000	8495.527
27000000	35000000	8328.383
28000000	35000000	15109.761
29000000	35000000	17740.104
30000000	35000000	17760.547
31000000	35000000	22484.934
32000000	35000000	25227.25
33000000	35000000	45634.38
34000000	35000000	153533.02
35000000	35000000	720732.1
20000000	36000000	11142.627
21000000	36000000	9563.464
22000000	36000000	11137.395
23000000	36000000	10653.494
24000000	36000000	11226.02
25000000	36000000	11587.927
26000000	36000000	12604.585
27000000	36000000	14213.926
28000000	36000000	14737.551
29000000	36000000	17958.402
30000000	36000000	17812.713
31000000	36000000	12786.663
32000000	36000000	20189.193
33000000	36000000	27610.889
34000000	36000000	36098.48
35000000	36000000	207339.08
36000000	36000000	724962.2
20000000	37000000	12522.713
21000000	37000000	9857.469
22000000	37000000	11504.741
23000000	37000000	11660.978
24000000	37000000	13476.324
25000000	37000000	12892.976
26000000	37000000	14823.441
27000000	37000000	17440.36
28000000	37000000	16455.352
29000000	37000000	17734.566
30000000	37000000	17286.95
31000000	37000000	13130.735
32000000	37000000	18621.64
33000000	37000000	22818.635
34000000	37000000	29987.064
35000000	37000000	109958.664
36000000	37000000	260944.95
37000000	37000000	719206.6
20000000	38000000	7802.2676
21000000	38000000	8637.434
22000000	38000000	11365.208
23000000	38000000	10059.633
24000000	38000000	6719.339
25000000	38000000	8756.312
26000000	38000000	8440.331
27000000	38000000	8051.9556
28000000	38000000	12296.677
29000000	38000000	14958.942
30000000	38000000	13926.94
31000000	38000000	16466.607
32000000	38000000	16866.291
33000000	38000000	22019.744
34000000	38000000	29176.027
35000000	38000000	63190.785
36000000	38000000	79858.08
37000000	38000000	139341.0
38000000	38000000	784437.56
20000000	39000000	7353.0493
21000000	39000000	7170.878
22000000	39000000	9759.439
23000000	39000000	8660.578
24000000	39000000	6353.456
25000000	39000000	7569.7207
26000000	39000000	7811.0107
27000000	39000000	7523.6396
28000000	39000000	10698.54
29000000	39000000	15133.312
30000000	39000000	13761.95
31000000	39000000	14075.119
32000000	39000000	18008.12
33000000	39000000	24532.291
34000000	39000000	24156.781
35000000	39000000	32865.406
36000000	39000000	35656.31
37000000	39000000	45658.652
38000000	39000000	172363.73
39000000	39000000	857124.9
20000000	40000000	2399.268
21000000	40000000	3246.162
22000000	40000000	5569.1616
23000000	40000000	5353.3594
24000000	40000000	1835.6763
25000000	40000000	2932.161
26000000	40000000	2561.9084
27000000	40000000	2180.6606
28000000	40000000	5342.7944
29000000	40000000	5491.1787
30000000	40000000	6481.3706
31000000	40000000	14706.218
32000000	40000000	7889.6387
33000000	40000000	10482.149
34000000	40000000	19306.367
35000000	40000000	16739.617
36000000	40000000	11000.514
37000000	40000000	14875.927
38000000	40000000	52301.02
39000000	40000000	130032.016
40000000	40000000	931713.0
20000000	41000000	1535.4944
21000000	41000000	1480.6183
22000000	41000000	3198.3218
23000000	41000000	3251.628
24000000	41000000	1215.0989
25000000	41000000	1973.7753
26000000	41000000	1644.6106
27000000	41000000	1586.9026
28000000	41000000	3039.9976
29000000	41000000	2983.349
30000000	41000000	3887.6301
31000000	41000000	8435.057
32000000	41000000	4091.026
33000000	41000000	5307.704
34000000	41000000	10083.616
35000000	41000000	7065.8647
36000000	41000000	4640.7173
37000000	41000000	5974.1504
38000000	41000000	11958.481
39000000	41000000	13663.774
40000000	41000000	194035.23
41000000	41000000	990969.2
20000000	42000000	1561.8165
21000000	42000000	1599.7698
22000000	42000000	3096.0115
23000000	42000000	2870.7854
24000000	42000000	1197.0007
25000000	42000000	1776.4126
26000000	42000000	1594.67
27000000	42000000	1461.1151
28000000	42000000	2975.8792
29000000	42000000	3122.3164
30000000	42000000	3522.163
31000000	42000000	7334.797
32000000	42000000	4116.567
33000000	42000000	5483.671
34000000	42000000	8777.09
35000000	42000000	6248.632
36000000	42000000	4234.2964
37000000	42000000	5166.153
38000000	42000000	9218.853
39000000	42000000	10809.624
40000000	42000000	39803.72
41000000	42000000	211673.56
42000000	42000000	955378.4
20000000	43000000	1547.8025
21000000	43000000	1548.3402
22000000	43000000	3094.173
23000000	43000000	2873.3972
24000000	43000000	1270.4318
25000000	43000000	1790.2715
26000000	43000000	1558.9354
27000000	43000000	1428.8457
28000000	43000000	2981.0598
29000000	43000000	3016.7405
30000000	43000000	3494.2095
31000000	43000000	7354.1733
32000000	43000000	4150.5537
33000000	43000000	5451.0396
34000000	43000000	8929.9795
35000000	43000000	6306.8574
36000000	43000000	4175.265
37000000	43000000	4976.948
38000000	43000000	8434.35
39000000	43000000	9584.564
40000000	43000000	30387.387
41000000	43000000	66575.164
42000000	43000000	252395.84
43000000	43000000	1012960.75
20000000	44000000	2329.2207
21000000	44000000	2803.4905
22000000	44000000	4798.0713
23000000	44000000	4617.569
24000000	44000000	1646.808
25000000	44000000	2673.9578
26000000	44000000	2221.6072
27000000	44000000	1799.1705
28000000	44000000	4359.6035
29000000	44000000	4657.4985
30000000	44000000	5156.879
31000000	44000000	10471.738
32000000	44000000	6071.4956
33000000	44000000	7961.7515
34000000	44000000	11859.759
35000000	44000000	9112.516
36000000	44000000	5744.0205
37000000	44000000	6849.1
38000000	44000000	11629.27
39000000	44000000	13189.5
40000000	44000000	29285.354
41000000	44000000	37479.887
42000000	44000000	47351.047
43000000	44000000	123229.484
44000000	44000000	968485.0
20000000	45000000	5293.955
21000000	45000000	5940.441
22000000	45000000	10446.394
23000000	45000000	8885.497
24000000	45000000	3625.0886
25000000	45000000	6816.981
26000000	45000000	5004.991
27000000	45000000	3813.81
28000000	45000000	9697.016
29000000	45000000	9822.551
30000000	45000000	8506.691
31000000	45000000	14925.176
32000000	45000000	9856.425
33000000	45000000	11406.108
34000000	45000000	16777.424
35000000	45000000	16329.276
36000000	45000000	11183.086
37000000	45000000	12889.782
38000000	45000000	19707.193
39000000	45000000	18904.55
40000000	45000000	23929.03
41000000	45000000	18145.467
42000000	45000000	19516.953
43000000	45000000	28160.271
44000000	45000000	186485.34
45000000	45000000	823973.3
20000000	46000000	18213.295
21000000	46000000	9036.204
22000000	46000000	10894.38
23000000	46000000	13721.084
24000000	46000000	22607.543
25000000	46000000	18562.158
26000000	46000000	21895.86
27000000	46000000	26373.008
28000000	46000000	17649.244
29000000	46000000	14929.205
30000000	46000000	13517.934
31000000	46000000	5940.767
32000000	46000000	11315.648
33000000	46000000	9722.416
34000000	46000000	7770.4756
35000000	46000000	12736.761
36000000	46000000	20124.361
37000000	46000000	24432.377
38000000	46000000	15390.793
39000000	46000000	16379.441
40000000	46000000	4812.573
41000000	46000000	3188.3691
42000000	46000000	3998.8044
43000000	46000000	4943.845
44000000	46000000	9343.192
45000000	46000000	65521.082
46000000	46000000	756736.94
20000000	47000000	15323.204
21000000	47000000	8180.3823
22000000	47000000	9707.29
23000000	47000000	12417.395
24000000	47000000	18997.89
25000000	47000000	15696.182
26000000	47000000	18554.752
27000000	47000000	22543.578
28000000	47000000	14660.425
29000000	47000000	13384.277
30000000	47000000	11670.848
31000000	47000000	5375.253
32000000	47000000	10143.45
33000000	47000000	8801.356
34000000	47000000	6959.2207
35000000	47000000	11224.143
36000000	47000000	17735.426
37000000	47000000	20425.902
38000000	47000000	12849.787
39000000	47000000	13409.598
40000000	47000000	3999.9165
41000000	47000000	2760.0737
42000000	47000000	3194.8005
43000000	47000000	3817.3486
44000000	47000000	6982.7075
45000000	47000000	30019.305
46000000	47000000	290969.34
47000000	47000000	731847.06
20000000	48000000	8259.569
21000000	48000000	7902.511
22000000	48000000	11489.815
23000000	48000000	9763.427
24000000	48000000	6368.231
25000000	48000000	9188.877
26000000	48000000	7600.987
27000000	48000000	6914.572
28000000	48000000	11495.836
29000000	48000000	11512.236
30000000	48000000	9535.48
31000000	48000000	9516.671
32000000	48000000	10282.323
33000000	48000000	10232.303
34000000	48000000	11279.256
35000000	48000000	14655.311
36000000	48000000	13839.94
37000000	48000000	15038.153
38000000	48000000	15973.688
39000000	48000000	14911.625
40000000	48000000	8669.756
41000000	48000000	4934.762
42000000	48000000	5428.146
43000000	48000000	6227.2534
44000000	48000000	12136.299
45000000	48000000	49625.72
46000000	48000000	88608.71
47000000	48000000	187030.89
48000000	48000000	682216.25
20000000	49000000	5343.588
21000000	49000000	5803.321
22000000	49000000	8459.325
23000000	49000000	7161.706
24000000	49000000	4090.6301
25000000	49000000	6659.32
26000000	49000000	4874.878
27000000	49000000	4160.7363
28000000	49000000	8014.7837
29000000	49000000	8261.365
30000000	49000000	7201.349
31000000	49000000	8752.548
32000000	49000000	7831.9116
33000000	49000000	8213.769
34000000	49000000	10802.1455
35000000	49000000	12556.177
36000000	49000000	10360.345
37000000	49000000	11140.474
38000000	49000000	12648.292
39000000	49000000	11745.589
40000000	49000000	9267.775
41000000	49000000	5861.8916
42000000	49000000	6011.861
43000000	49000000	6975.6196
44000000	49000000	12466.212
45000000	49000000	33995.492
46000000	49000000	30618.719
47000000	49000000	40043.094
48000000	49000000	201038.22
49000000	49000000	760651.06
20000000	50000000	4718.2227
21000000	50000000	4944.321
22000000	50000000	7192.4795
23000000	50000000	6587.879
24000000	50000000	3943.727
25000000	50000000	5291.1543
26000000	50000000	4559.3643
27000000	50000000	4075.1953
28000000	50000000	6830.1504
29000000	50000000	7299.4316
30000000	50000000	6837.9297
31000000	50000000	8512.386
32000000	50000000	7455.626
33000000	50000000	8175.3926
34000000	50000000	10241.742
35000000	50000000	10744.714
36000000	50000000	8961.829
37000000	50000000	9685.85
38000000	50000000	11196.635
39000000	50000000	10998.658
40000000	50000000	10723.078
41000000	50000000	7531.1245
42000000	50000000	7083.021
43000000	50000000	8203.412
44000000	50000000	14226.966
45000000	50000000	26015.713
46000000	50000000	23482.139
47000000	50000000	29264.982
48000000	50000000	70788.74
49000000	50000000	232422.33
50000000	50000000	751091.06
20000000	51000000	3672.9355
21000000	51000000	4108.772
22000000	51000000	6407.0156
23000000	51000000	5722.4805
24000000	51000000	2449.9004
25000000	51000000	3946.9805
26000000	51000000	3196.0298
27000000	51000000	2696.933
28000000	51000000	5891.3467
29000000	51000000	6647.4805
30000000	51000000	6306.217
31000000	51000000	10037.264
32000000	51000000	7595.235
33000000	51000000	9458.61
34000000	51000000	11191.991
35000000	51000000	10093.024
36000000	51000000	6921.362
37000000	51000000	7339.234
38000000	51000000	10104.445
39000000	51000000	11237.484
40000000	51000000	11590.52
41000000	51000000	8874.771
42000000	51000000	8993.529
43000000	51000000	10345.753
44000000	51000000	17143.053
45000000	51000000	24803.291
46000000	51000000	11069.203
47000000	51000000	12400.542
48000000	51000000	31442.021
49000000	51000000	56709.812
50000000	51000000	198149.75
51000000	51000000	788679.0
20000000	52000000	2563.3801
21000000	52000000	3325.7715
22000000	52000000	6152.6807
23000000	52000000	5797.6763
24000000	52000000	1462.0414
25000000	52000000	3044.4373
26000000	52000000	2087.7192
27000000	52000000	1534.6383
28000000	52000000	5205.02
29000000	52000000	4969.116
30000000	52000000	5000.034
31000000	52000000	10639.467
32000000	52000000	5503.8647
33000000	52000000	6622.726
34000000	52000000	10601.597
35000000	52000000	9134.273
36000000	52000000	5361.5625
37000000	52000000	6738.345
38000000	52000000	10332.231
39000000	52000000	7709.2637
40000000	52000000	13267.361
41000000	52000000	9290.521
42000000	52000000	8061.1323
43000000	52000000	9220.926
44000000	52000000	13950.141
45000000	52000000	20462.135
46000000	52000000	6044.3687
47000000	52000000	6587.5723
48000000	52000000	19499.74
49000000	52000000	26140.22
50000000	52000000	40009.96
51000000	52000000	153299.9
52000000	52000000	902552.3
20000000	53000000	8490.299
21000000	53000000	8345.098
22000000	53000000	9270.5625
23000000	53000000	7920.594
24000000	53000000	7077.247
25000000	53000000	6989.8896
26000000	53000000	7692.76
27000000	53000000	8043.709
28000000	53000000	9327.842
29000000	53000000	12076.92
30000000	53000000	10909.88
31000000	53000000	6665.9297
32000000	53000000	11171.246
33000000	53000000	12482.106
34000000	53000000	8798.535
35000000	53000000	10937.237
36000000	53000000	13284.731
37000000	53000000	13240.527
38000000	53000000	11986.453
39000000	53000000	14520.853
40000000	53000000	4542.173
41000000	53000000	2630.425
42000000	53000000	2966.834
43000000	53000000	3198.6836
44000000	53000000	5099.218
45000000	53000000	11170.034
46000000	53000000	22027.186
47000000	53000000	23695.586
48000000	53000000	23808.834
49000000	53000000	23888.336
50000000	53000000	26704.09
51000000	53000000	42385.656
52000000	53000000	137636.86
53000000	53000000	772922.0
20000000	54000000	8671.267
21000000	54000000	5911.273
22000000	54000000	6367.735
23000000	54000000	7155.61
24000000	54000000	9333.748
25000000	54000000	8652.435
26000000	54000000	9412.343
27000000	54000000	10543.874
28000000	54000000	8476.942
29000000	54000000	8381.662
30000000	54000000	7385.256
31000000	54000000	5083.7915
32000000	54000000	6580.68
33000000	54000000	6157.522
34000000	54000000	5517.543
35000000	54000000	7508.001
36000000	54000000	10117.595
37000000	54000000	11275.18
38000000	54000000	8364.705
39000000	54000000	7951.9546
40000000	54000000	4072.7688
41000000	54000000	2778.7107
42000000	54000000	2771.253
43000000	54000000	3069.4656
44000000	54000000	4626.9565
45000000	54000000	8433.513
46000000	54000000	21749.162
47000000	54000000	22483.42
48000000	54000000	14431.23
49000000	54000000	13828.039
50000000	54000000	14436.694
51000000	54000000	16799.691
52000000	54000000	29600.725
53000000	54000000	120230.76
54000000	54000000	827374.0
20000000	55000000	6846.662
21000000	55000000	5779.2354
22000000	55000000	7699.33
23000000	55000000	7033.5557
24000000	55000000	5953.4766
25000000	55000000	7110.474
26000000	55000000	6353.662
27000000	55000000	6539.423
28000000	55000000	8051.505
29000000	55000000	8360.313
30000000	55000000	7033.763
31000000	55000000	6826.111
32000000	55000000	7159.0054
33000000	55000000	7185.808
34000000	55000000	7476.4897
35000000	55000000	9161.775
36000000	55000000	8781.576
37000000	55000000	9485.627
38000000	55000000	9493.768
39000000	55000000	8679.785
40000000	55000000	5513.284
41000000	55000000	3459.888
42000000	55000000	3530.1184
43000000	55000000	3824.7927
44000000	55000000	6051.64
45000000	55000000	11816.183
46000000	55000000	15150.647
47000000	55000000	15226.017
48000000	55000000	15975.986
49000000	55000000	15833.357
50000000	55000000	15893.439
51000000	55000000	20106.389
52000000	55000000	36198.23
53000000	55000000	75525.45
54000000	55000000	307612.34
55000000	55000000	704565.8
20000000	56000000	4571.872
21000000	56000000	4769.7197
22000000	56000000	6365.511
23000000	56000000	5375.545
24000000	56000000	3463.6763
25000000	56000000	5073.983
26000000	56000000	4237.3403
27000000	56000000	3647.6477
28000000	56000000	6157.699
29000000	56000000	7182.5454
30000000	56000000	6391.8164
31000000	56000000	7286.764
32000000	56000000	7026.5835
33000000	56000000	7983.5684
34000000	56000000	8738.786
35000000	56000000	9366.93
36000000	56000000	7437.2227
37000000	56000000	7582.6914
38000000	56000000	8741.692
39000000	56000000	9168.208
40000000	56000000	6070.432
41000000	56000000	4136.533
42000000	56000000	4287.9473
43000000	56000000	4936.7563
44000000	56000000	7521.5264
45000000	56000000	12373.631
46000000	56000000	9786.048
47000000	56000000	9663.062
48000000	56000000	13359.821
49000000	56000000	14153.382
50000000	56000000	13794.54
51000000	56000000	20841.559
52000000	56000000	24986.48
53000000	56000000	39402.344
54000000	56000000	42160.473
55000000	56000000	146940.5
56000000	56000000	774320.6
20000000	57000000	2774.3052
21000000	57000000	3244.921
22000000	57000000	4543.6245
23000000	57000000	3888.3184
24000000	57000000	1671.8226
25000000	57000000	2748.1396
26000000	57000000	2284.7996
27000000	57000000	1819.3273
28000000	57000000	4104.6777
29000000	57000000	4999.01
30000000	57000000	4744.8276
31000000	57000000	7220.132
32000000	57000000	5941.3486
33000000	57000000	7244.264
34000000	57000000	7820.831
35000000	57000000	6821.8535
36000000	57000000	4618.024
37000000	57000000	5174.5356
38000000	57000000	6966.399
39000000	57000000	7450.3535
40000000	57000000	7227.1025
41000000	57000000	5244.8936
42000000	57000000	5385.01
43000000	57000000	5872.629
44000000	57000000	8401.307
45000000	57000000	11020.583
46000000	57000000	5399.2334
47000000	57000000	5303.556
48000000	57000000	9114.957
49000000	57000000	9590.755
50000000	57000000	10683.47
51000000	57000000	16684.44
52000000	57000000	20778.328
53000000	57000000	19564.488
54000000	57000000	17904.133
55000000	57000000	33879.43
56000000	57000000	221335.6
57000000	57000000	842179.9
20000000	58000000	2632.9075
21000000	58000000	3091.0884
22000000	58000000	4005.94
23000000	58000000	3477.2534
24000000	58000000	1960.5128
25000000	58000000	2546.2478
26000000	58000000	2401.6235
27000000	58000000	2059.6597
28000000	58000000	3624.1643
29000000	58000000	4953.9316
30000000	58000000	4706.48
31000000	58000000	5948.0703
32000000	58000000	5952.8267
33000000	58000000	7329.0176
34000000	58000000	6598.7583
35000000	58000000	5795.73
36000000	58000000	4610.101
37000000	58000000	4604.517
38000000	58000000	5710.0225
39000000	58000000	7370.8555
40000000	58000000	5823.146
41000000	58000000	4670.306
42000000	58000000	4974.6074
43000000	58000000	5398.4897
44000000	58000000	7243.0425
45000000	58000000	8325.571
46000000	58000000	5242.1167
47000000	58000000	5334.388
48000000	58000000	7359.5723
49000000	58000000	7560.4604
50000000	58000000	8122.3286
51000000	58000000	12864.479
52000000	58000000	12433.575
53000000	58000000	17569.605
54000000	58000000	12448.6875
55000000	58000000	19125.867
56000000	58000000	45894.625
57000000	58000000	134706.75
58000000	58000000	803866.7
20000000	59000000	1540.7294
21000000	59000000	1841.5398
22000000	59000000	3237.5386
23000000	59000000	2963.7144
24000000	59000000	858.83606
25000000	59000000	1503.0626
26000000	59000000	1191.3417
27000000	59000000	836.56805
28000000	59000000	2788.0217
29000000	59000000	2767.2698
30000000	59000000	3123.3633
31000000	59000000	6377.9067
32000000	59000000	3557.0635
33000000	59000000	4524.1934
34000000	59000000	6324.5054
35000000	59000000	4708.73
36000000	59000000	2658.6335
37000000	59000000	3263.6558
38000000	59000000	5104.353
39000000	59000000	4542.573
40000000	59000000	8467.708
41000000	59000000	7359.902
42000000	59000000	6760.266
43000000	59000000	7424.924
44000000	59000000	9370.284
45000000	59000000	8929.423
46000000	59000000	2553.2935
47000000	59000000	2584.9397
48000000	59000000	5775.0195
49000000	59000000	6945.163
50000000	59000000	8248.482
51000000	59000000	11397.717
52000000	59000000	15732.87
53000000	59000000	6989.955
54000000	59000000	7762.09
55000000	59000000	12264.343
56000000	59000000	22212.107
57000000	59000000	44159.04
58000000	59000000	237406.62
59000000	59000000	931823.9
20000000	60000000	3019.7205
21000000	60000000	3048.3308
22000000	60000000	4258.6436
23000000	60000000	3462.6292
24000000	60000000	1850.3907
25000000	60000000	2404.3552
26000000	60000000	2309.2751
27000000	60000000	2076.6472
28000000	60000000	3905.8516
29000000	60000000	5106.6494
30000000	60000000	4973.703
31000000	60000000	5801.8164
32000000	60000000	6215.5654
33000000	60000000	7903.6006
34000000	60000000	6450.2646
35000000	60000000	5462.6973
36000000	60000000	4456.0415
37000000	60000000	4573.0513
38000000	60000000	5762.503
39000000	60000000	7436.282
40000000	60000000	5094.8887
41000000	60000000	3674.2202
42000000	60000000	4025.6812
43000000	60000000	4388.1016
44000000	60000000	6089.269
45000000	60000000	7383.165
46000000	60000000	4887.8774
47000000	60000000	4896.2905
48000000	60000000	6838.495
49000000	60000000	6693.7456
50000000	60000000	7282.6846
51000000	60000000	10275.451
52000000	60000000	9619.453
53000000	60000000	15245.109
54000000	60000000	9264.044
55000000	60000000	13211.426
56000000	60000000	20814.143
57000000	60000000	31546.0
58000000	60000000	65980.12
59000000	60000000	109336.96
60000000	60000000	747743.4
20000000	61000000	3753.157
21000000	61000000	3660.7695
22000000	61000000	4388.3647
23000000	61000000	3672.5393
24000000	61000000	2510.5557
25000000	61000000	2867.011
26000000	61000000	3150.4573
27000000	61000000	2967.3452
28000000	61000000	4203.6685
29000000	61000000	6190.4
30000000	61000000	5828.577
31000000	61000000	4861.144
32000000	61000000	6882.8716
33000000	61000000	8502.599
34000000	61000000	5630.8374
35000000	61000000	5266.7275
36000000	61000000	5291.4883
37000000	61000000	5044.0737
38000000	61000000	5583.911
39000000	61000000	8011.956
40000000	61000000	3731.7854
41000000	61000000	2718.0657
42000000	61000000	3271.321
43000000	61000000	3314.95
44000000	61000000	4769.737
45000000	61000000	5768.581
46000000	61000000	6344.511
47000000	61000000	6289.041
48000000	61000000	6796.8394
49000000	61000000	6191.274
50000000	61000000	6600.3677
51000000	61000000	8691.745
52000000	61000000	6973.917
53000000	61000000	17295.006
54000000	61000000	9701.727
55000000	61000000	11784.282
56000000	61000000	17330.248
57000000	61000000	22575.254
58000000	61000000	37565.426
59000000	61000000	32752.594
60000000	61000000	262335.7
61000000	61000000	742684.25
20000000	62000000	3419.7993
21000000	62000000	3244.9192
22000000	62000000	4435.7275
23000000	62000000	3776.4883
24000000	62000000	2273.4395
25000000	62000000	2941.746
26000000	62000000	2734.8523
27000000	62000000	2565.0679
28000000	62000000	4547.5557
29000000	62000000	5584.6445
30000000	62000000	5541.372
31000000	62000000	5567.282
32000000	62000000	6489.1436
33000000	62000000	7893.139
34000000	62000000	6392.013
35000000	62000000	5601.6357
36000000	62000000	4776.3184
37000000	62000000	4838.199
38000000	62000000	5719.0957
39000000	62000000	7703.3223
40000000	62000000	4761.386
41000000	62000000	3550.7852
42000000	62000000	4210.5513
43000000	62000000	4508.732
44000000	62000000	5993.593
45000000	62000000	7040.707
46000000	62000000	5415.246
47000000	62000000	5244.051
48000000	62000000	6787.22
49000000	62000000	6917.398
50000000	62000000	7169.6553
51000000	62000000	9693.966
52000000	62000000	8132.213
53000000	62000000	14121.702
54000000	62000000	8488.958
55000000	62000000	11483.06
56000000	62000000	16462.904
57000000	62000000	20491.865
58000000	62000000	30032.219
59000000	62000000	27568.477
60000000	62000000	85963.65
61000000	62000000	183157.0
62000000	62000000	756246.7
20000000	63000000	1769.541
21000000	63000000	1922.0697
22000000	63000000	2784.7112
23000000	63000000	2484.774
24000000	63000000	1062.296
25000000	63000000	1422.8013
26000000	63000000	1332.362
27000000	63000000	1076.6759
28000000	63000000	2337.6594
29000000	63000000	3119.774
30000000	63000000	3340.9326
31000000	63000000	5307.4834
32000000	63000000	4036.6155
33000000	63000000	5030.8784
34000000	63000000	5247.05
35000000	63000000	3797.1455
36000000	63000000	2521.4297
37000000	63000000	2710.5518
38000000	63000000	4062.589
39000000	63000000	4911.428
40000000	63000000	6643.129
41000000	63000000	6442.6167
42000000	63000000	6348.639
43000000	63000000	6447.12
44000000	63000000	7463.6934
45000000	63000000	6767.657
46000000	63000000	2643.6162
47000000	63000000	2739.5046
48000000	63000000	4374.002
49000000	63000000	4901.4453
50000000	63000000	5826.785
51000000	63000000	8470.978
52000000	63000000	8823.634
53000000	63000000	7186.558
54000000	63000000	5334.5596
55000000	63000000	6871.9355
56000000	63000000	9873.794
57000000	63000000	14132.131
58000000	63000000	17920.701
59000000	63000000	20640.59
60000000	63000000	33236.145
61000000	63000000	43519.85
62000000	63000000	160500.97
63000000	63000000	856215.56
20000000	64000000	709.85986
21000000	64000000	702.54956
22000000	64000000	1453.1125
23000000	64000000	1530.1838
24000000	64000000	528.90063
25000000	64000000	802.6927
26000000	64000000	577.7965
27000000	64000000	488.45657
28000000	64000000	1201.8995
29000000	64000000	1225.0753
30000000	64000000	1580.0535
31000000	64000000	3857.3765
32000000	64000000	1603.4656
33000000	64000000	1958.2456
34000000	64000000	3349.7102
35000000	64000000	2220.667
36000000	64000000	1189.0132
37000000	64000000	1478.5709
38000000	64000000	2460.8298
39000000	64000000	2060.4165
40000000	64000000	7527.1694
41000000	64000000	9643.54
42000000	64000000	8178.74
43000000	64000000	8612.1875
44000000	64000000	8164.2563
45000000	64000000	5197.3804
46000000	64000000	1160.9463
47000000	64000000	1266.5022
48000000	64000000	2668.379
49000000	64000000	3248.2974
50000000	64000000	4610.2407
51000000	64000000	5689.2925
52000000	64000000	8091.505
53000000	64000000	2254.6074
54000000	64000000	3404.9124
55000000	64000000	4011.4875
56000000	64000000	5189.2188
57000000	64000000	7617.156
58000000	64000000	8028.113
59000000	64000000	14460.738
60000000	64000000	10045.083
61000000	64000000	8774.257
62000000	64000000	19836.416
63000000	64000000	192886.05
64000000	64000000	1042095.2
20000000	65000000	902.15173
21000000	65000000	893.5249
22000000	65000000	1466.249
23000000	65000000	1476.8577
24000000	65000000	476.1198
25000000	65000000	714.53845
26000000	65000000	638.6334
27000000	65000000	504.97687
28000000	65000000	1304.3563
29000000	65000000	1252.19
30000000	65000000	1446.3958
31000000	65000000	3317.899
32000000	65000000	1685.523
33000000	65000000	2175.8704
34000000	65000000	3167.0266
35000000	65000000	2218.714
36000000	65000000	1190.7675
37000000	65000000	1332.4218
38000000	65000000	2282.46
39000000	65000000	2115.1348
40000000	65000000	7034.0474
41000000	65000000	10055.601
42000000	65000000	9600.51
43000000	65000000	9799.035
44000000	65000000	8418.8125
45000000	65000000	5068.206
46000000	65000000	1198.1124
47000000	65000000	1202.9543
48000000	65000000	2499.0361
49000000	65000000	3287.127
50000000	65000000	4312.6997
51000000	65000000	5981.7524
52000000	65000000	6536.359
53000000	65000000	2477.7969
54000000	65000000	2790.6902
55000000	65000000	3567.9766
56000000	65000000	4543.77
57000000	65000000	6462.6177
58000000	65000000	7146.7637
59000000	65000000	11037.273
60000000	65000000	8981.632
61000000	65000000	8394.942
62000000	65000000	15270.51
63000000	65000000	41634.504
64000000	65000000	205998.19
65000000	65000000	959316.7
20000000	66000000	990.82556
21000000	66000000	893.85034
22000000	66000000	1696.1647
23000000	66000000	1577.6918
24000000	66000000	621.4791
25000000	66000000	826.07513
26000000	66000000	672.5441
27000000	66000000	568.67523
28000000	66000000	1380.62
29000000	66000000	1685.5726
30000000	66000000	1756.7926
31000000	66000000	3568.3613
32000000	66000000	2183.2544
33000000	66000000	2938.9504
34000000	66000000	3408.3604
35000000	66000000	2332.2983
36000000	66000000	1367.3705
37000000	66000000	1552.3359
38000000	66000000	2445.2905
39000000	66000000	2836.7268
40000000	66000000	5820.0234
41000000	66000000	7260.473
42000000	66000000	7580.346
43000000	66000000	7603.6924
44000000	66000000	7443.144
45000000	66000000	4961.998
46000000	66000000	1387.5164
47000000	66000000	1354.0515
48000000	66000000	2642.2039
49000000	66000000	3162.7263
50000000	66000000	3830.219
51000000	66000000	6068.5674
52000000	66000000	6038.809
53000000	66000000	3168.436
54000000	66000000	3011.8904
55000000	66000000	3891.641
56000000	66000000	4997.0186
57000000	66000000	7066.55
58000000	66000000	8120.355
59000000	66000000	10111.649
60000000	66000000	10415.453
61000000	66000000	10680.612
62000000	66000000	16538.998
63000000	66000000	27915.406
64000000	66000000	36057.918
65000000	66000000	218992.19
66000000	66000000	907101.25
20000000	67000000	1000.6453
21000000	67000000	1286.2238
22000000	67000000	1666.4003
23000000	67000000	1553.0682
24000000	67000000	578.1567
25000000	67000000	847.77124
26000000	67000000	809.4884
27000000	67000000	646.30615
28000000	67000000	1452.1816
29000000	67000000	1824.7675
30000000	67000000	1859.585
31000000	67000000	3633.516
32000000	67000000	2465.129
33000000	67000000	3347.0527
34000000	67000000	3549.1133
35000000	67000000	2514.7976
36000000	67000000	1585.2637
37000000	67000000	1664.7367
38000000	67000000	2697.578
39000000	67000000	3226.2158
40000000	67000000	4795.309
41000000	67000000	4918.029
42000000	67000000	5707.725
43000000	67000000	5723.4595
44000000	67000000	6196.2554
45000000	67000000	4792.707
46000000	67000000	1545.5708
47000000	67000000	1646.2965
48000000	67000000	2859.9722
49000000	67000000	3302.2043
50000000	67000000	3745.728
51000000	67000000	6252.929
52000000	67000000	5736.3003
53000000	67000000	3690.972
54000000	67000000	3181.6738
55000000	67000000	4243.1055
56000000	67000000	5655.5444
57000000	67000000	7342.195
58000000	67000000	8463.995
59000000	67000000	9300.883
60000000	67000000	11120.994
61000000	67000000	11479.85
62000000	67000000	16080.114
63000000	67000000	20876.266
64000000	67000000	18825.592
65000000	67000000	40978.125
66000000	67000000	185003.73
67000000	67000000	884441.75
20000000	68000000	1243.086
21000000	68000000	1405.5864
22000000	68000000	1970.7642
23000000	68000000	1887.0298
24000000	68000000	833.1896
25000000	68000000	1115.7539
26000000	68000000	1033.0667
27000000	68000000	784.9622
28000000	68000000	1780.8083
29000000	68000000	2088.0159
30000000	68000000	2213.7556
31000000	68000000	3935.1106
32000000	68000000	2725.4375
33000000	68000000	3725.096
34000000	68000000	3923.6555
35000000	68000000	2779.695
36000000	68000000	1876.0115
37000000	68000000	2000.6022
38000000	68000000	2991.087
39000000	68000000	3567.5183
40000000	68000000	4712.5796
41000000	68000000	4855.5864
42000000	68000000	5073.6323
43000000	68000000	5355.7324
44000000	68000000	6036.547
45000000	68000000	5252.883
46000000	68000000	1905.2921
47000000	68000000	1935.885
48000000	68000000	3154.382
49000000	68000000	3579.6362
50000000	68000000	4134.5073
51000000	68000000	6059.0146
52000000	68000000	6015.688
53000000	68000000	4545.671
54000000	68000000	3974.2764
55000000	68000000	4799.3413
56000000	68000000	6418.7373
57000000	68000000	8193.848
58000000	68000000	9616.447
59000000	68000000	9860.173
60000000	68000000	11695.559
61000000	68000000	12101.438
62000000	68000000	16658.998
63000000	68000000	19010.102
64000000	68000000	16068.32
65000000	68000000	24475.42
66000000	68000000	53821.43
67000000	68000000	237833.38
68000000	68000000	837430.3
20000000	69000000	1708.6423
21000000	69000000	1566.9634
22000000	69000000	2600.8267
23000000	69000000	2062.3428
24000000	69000000	1035.3347
25000000	69000000	1469.4191
26000000	69000000	1398.1361
27000000	69000000	1228.0028
28000000	69000000	2179.4182
29000000	69000000	3036.2563
30000000	69000000	2885.2612
31000000	69000000	3924.8513
32000000	69000000	3728.7222
33000000	69000000	4754.96
34000000	69000000	4118.012
35000000	69000000	3114.4978
36000000	69000000	2338.2512
37000000	69000000	2469.3635
38000000	69000000	3254.5903
39000000	69000000	4323.3477
40000000	69000000	3876.8442
41000000	69000000	3394.8308
42000000	69000000	4005.658
43000000	69000000	3865.4421
44000000	69000000	5113.854
45000000	69000000	4818.745
46000000	69000000	2485.7493
47000000	69000000	2288.4734
48000000	69000000	3576.0854
49000000	69000000	3746.3254
50000000	69000000	3996.4746
51000000	69000000	6258.4517
52000000	69000000	5015.7817
53000000	69000000	6359.631
54000000	69000000	3978.9429
55000000	69000000	4996.82
56000000	69000000	6872.1504
57000000	69000000	8486.293
58000000	69000000	10265.595
59000000	69000000	8520.972
60000000	69000000	13780.265
61000000	69000000	15505.519
62000000	69000000	19219.545
63000000	69000000	17603.797
64000000	69000000	9137.722
65000000	69000000	15001.961
66000000	69000000	29010.965
67000000	69000000	47141.72
68000000	69000000	168560.5
69000000	69000000	717899.4
20000000	70000000	1550.6202
21000000	70000000	1767.4916
22000000	70000000	2274.8079
23000000	70000000	1917.2361
24000000	70000000	907.5263
25000000	70000000	1401.6067
26000000	70000000	1292.763
27000000	70000000	996.8618
28000000	70000000	2019.2375
29000000	70000000	2711.7656
30000000	70000000	2497.0781
31000000	70000000	3871.7463
32000000	70000000	3229.0527
33000000	70000000	4111.2705
34000000	70000000	3591.4348
35000000	70000000	2830.7068
36000000	70000000	2024.3939
37000000	70000000	2078.4846
38000000	70000000	3023.1084
39000000	70000000	3713.6865
40000000	70000000	3636.4866
41000000	70000000	3136.509
42000000	70000000	3809.805
43000000	70000000	3485.803
44000000	70000000	4454.8833
45000000	70000000	4530.955
46000000	70000000	2176.3267
47000000	70000000	2052.054
48000000	70000000	3283.3635
49000000	70000000	3340.4392
50000000	70000000	3571.6917
51000000	70000000	5340.662
52000000	70000000	4897.397
53000000	70000000	5248.0264
54000000	70000000	3362.872
55000000	70000000	4337.652
56000000	70000000	5972.7407
57000000	70000000	7363.5244
58000000	70000000	8499.092
59000000	70000000	8022.934
60000000	70000000	10646.905
61000000	70000000	11705.4375
62000000	70000000	13658.396
63000000	70000000	13661.12
64000000	70000000	8075.666
65000000	70000000	11411.582
66000000	70000000	18781.656
67000000	70000000	25353.572
68000000	70000000	40950.57
69000000	70000000	267157.56
70000000	70000000	869495.56
20000000	71000000	2966.4368
21000000	71000000	2491.741
22000000	71000000	3154.6294
23000000	71000000	2751.9087
24000000	71000000	2139.4915
25000000	71000000	2202.4639
26000000	71000000	2426.2527
27000000	71000000	2290.4138
28000000	71000000	3082.1326
29000000	71000000	4461.5215
30000000	71000000	4322.478
31000000	71000000	3591.4368
32000000	71000000	4975.805
33000000	71000000	5905.896
34000000	71000000	4223.942
35000000	71000000	4060.8828
36000000	71000000	4067.2798
37000000	71000000	3869.8523
38000000	71000000	3911.987
39000000	71000000	5677.563
40000000	71000000	2778.9304
41000000	71000000	2254.1084
42000000	71000000	2889.9326
43000000	71000000	2897.646
44000000	71000000	3748.1768
45000000	71000000	4264.493
46000000	71000000	4458.35
47000000	71000000	4378.1494
48000000	71000000	4630.0776
49000000	71000000	4183.508
50000000	71000000	4439.126
51000000	71000000	5791.414
52000000	71000000	3859.012
53000000	71000000	9409.248
54000000	71000000	5213.555
55000000	71000000	6009.115
56000000	71000000	8325.361
57000000	71000000	8628.233
58000000	71000000	10697.334
59000000	71000000	6627.9795
60000000	71000000	14059.878
61000000	71000000	18309.432
62000000	71000000	19073.336
63000000	71000000	12725.33
64000000	71000000	5205.0596
65000000	71000000	7967.012
66000000	71000000	13888.298
67000000	71000000	20087.48
68000000	71000000	32510.988
69000000	71000000	86060.74
70000000	71000000	142010.61
71000000	71000000	802977.06
20000000	72000000	1536.8899
21000000	72000000	1655.2081
22000000	72000000	2771.9536
23000000	72000000	2446.6328
24000000	72000000	816.90894
25000000	72000000	1438.3452
26000000	72000000	1118.3679
27000000	72000000	875.69666
28000000	72000000	2341.225
29000000	72000000	2576.7354
30000000	72000000	2555.039
31000000	72000000	4534.5225
32000000	72000000	3132.2178
33000000	72000000	3825.25
34000000	72000000	4787.047
35000000	72000000	3754.313
36000000	72000000	2348.0598
37000000	72000000	2621.4104
38000000	72000000	3630.0996
39000000	72000000	3708.3691
40000000	72000000	5386.7856
41000000	72000000	5193.4966
42000000	72000000	5381.235
43000000	72000000	5683.483
44000000	72000000	6438.34
45000000	72000000	6104.2754
46000000	72000000	2069.6104
47000000	72000000	2019.5948
48000000	72000000	3993.224
49000000	72000000	4519.422
50000000	72000000	4953.7866
51000000	72000000	6497.0903
52000000	72000000	7046.1553
53000000	72000000	4569.3857
54000000	72000000	3776.3896
55000000	72000000	5299.545
56000000	72000000	6953.35
57000000	72000000	8223.514
58000000	72000000	8173.6187
59000000	72000000	9638.112
60000000	72000000	9956.845
61000000	72000000	9082.495
62000000	72000000	12289.722
63000000	72000000	12264.743
64000000	72000000	9516.218
65000000	72000000	11891.626
66000000	72000000	14928.797
67000000	72000000	18006.781
68000000	72000000	24398.537
69000000	72000000	38212.74
70000000	72000000	47291.062
71000000	72000000	165376.83
72000000	72000000	879981.06
20000000	73000000	2123.7905
21000000	73000000	2137.3623
22000000	73000000	2758.7651
23000000	73000000	2263.0388
24000000	73000000	1389.3734
25000000	73000000	1646.166
26000000	73000000	1499.8392
27000000	73000000	1378.4651
28000000	73000000	2546.2163
29000000	73000000	3386.813
30000000	73000000	3315.167
31000000	73000000	3724.2383
32000000	73000000	4435.899
33000000	73000000	5513.1113
34000000	73000000	4435.5845
35000000	73000000	3494.0151
36000000	73000000	3008.8237
37000000	73000000	2943.3975
38000000	73000000	3594.6633
39000000	73000000	5175.8516
40000000	73000000	3613.7144
41000000	73000000	3261.1138
42000000	73000000	3860.6086
43000000	73000000	3990.5051
44000000	73000000	4850.6567
45000000	73000000	4684.947
46000000	73000000	2962.1792
47000000	73000000	2823.5745
48000000	73000000	3998.5132
49000000	73000000	3921.5278
50000000	73000000	4226.6533
51000000	73000000	6014.851
52000000	73000000	4428.421
53000000	73000000	7535.693
54000000	73000000	3927.2048
55000000	73000000	5041.5615
56000000	73000000	6859.6704
57000000	73000000	7917.266
58000000	73000000	9791.567
59000000	73000000	6966.208
60000000	73000000	12317.538
61000000	73000000	14337.398
62000000	73000000	16474.494
63000000	73000000	12247.586
64000000	73000000	5500.3438
65000000	73000000	8623.687
66000000	73000000	13843.237
67000000	73000000	17198.943
68000000	73000000	22833.465
69000000	73000000	36474.605
70000000	73000000	32928.125
71000000	73000000	75077.266
72000000	73000000	157394.55
73000000	73000000	823408.06
20000000	74000000	1111.1644
21000000	74000000	1208.917
22000000	74000000	1799.2736
23000000	74000000	1691.9795
24000000	74000000	618.6468
25000000	74000000	900.2726
26000000	74000000	830.42554
27000000	74000000	704.7454
28000000	74000000	1507.2131
29000000	74000000	1917.1183
30000000	74000000	1955.5775
31000000	74000000	3790.4526
32000000	74000000	2525.0293
33000000	74000000	3294.3142
34000000	74000000	3589.348
35000000	74000000	2367.5547
36000000	74000000	1491.8724
37000000	74000000	1623.6882
38000000	74000000	2542.2405
39000000	74000000	3097.282
40000000	74000000	5588.9277
41000000	74000000	6121.8066
42000000	74000000	6128.115
43000000	74000000	6099.0933
44000000	74000000	6171.9644
45000000	74000000	4667.8345
46000000	74000000	1375.2596
47000000	74000000	1345.7411
48000000	74000000	2602.9314
49000000	74000000	2786.252
50000000	74000000	3464.786
51000000	74000000	5229.416
52000000	74000000	5207.0654
53000000	74000000	3545.468
54000000	74000000	2555.949
55000000	74000000	3307.7915
56000000	74000000	4357.362
57000000	74000000	5961.663
58000000	74000000	6621.0127
59000000	74000000	7051.0405
60000000	74000000	7847.847
61000000	74000000	7726.577
62000000	74000000	9156.901
63000000	74000000	10935.226
64000000	74000000	8689.967
65000000	74000000	11564.844
66000000	74000000	14553.227
67000000	74000000	14872.04
68000000	74000000	17440.21
69000000	74000000	21979.025
70000000	74000000	22341.81
71000000	74000000	26892.3
72000000	74000000	46784.38
73000000	74000000	146510.86
74000000	74000000	874368.1
20000000	75000000	724.439
21000000	75000000	762.5539
22000000	75000000	1345.3608
23000000	75000000	1366.7073
24000000	75000000	442.80862
25000000	75000000	656.2607
26000000	75000000	562.0722
27000000	75000000	416.30585
28000000	75000000	1061.4563
29000000	75000000	1034.2686
30000000	75000000	1303.6693
31000000	75000000	3213.06
32000000	75000000	1416.3762
33000000	75000000	1756.5382
34000000	75000000	2849.705
35000000	75000000	1750.5941
36000000	75000000	954.8251
37000000	75000000	1180.1725
38000000	75000000	1981.9323
39000000	75000000	1681.1875
40000000	75000000	6391.11
41000000	75000000	8718.271
42000000	75000000	7734.673
43000000	75000000	7677.1094
44000000	75000000	6828.8726
45000000	75000000	4360.5073
46000000	75000000	881.8917
47000000	75000000	838.20374
48000000	75000000	1875.5573
49000000	75000000	2397.8608
50000000	75000000	3254.5164
51000000	75000000	4254.133
52000000	75000000	5328.5723
53000000	75000000	1629.0364
54000000	75000000	2397.7417
55000000	75000000	2810.37
56000000	75000000	3300.6272
57000000	75000000	4314.5547
58000000	75000000	4193.5225
59000000	75000000	6646.7744
60000000	75000000	4238.941
61000000	75000000	3490.4429
62000000	75000000	4714.6396
63000000	75000000	7861.1323
64000000	75000000	10925.812
65000000	75000000	12226.457
66000000	75000000	11265.672
67000000	75000000	9855.654
68000000	75000000	10569.798
69000000	75000000	9530.445
70000000	75000000	10693.94
71000000	75000000	8586.685
72000000	75000000	21494.656
73000000	75000000	22604.49
74000000	75000000	214367.42
75000000	75000000	1027139.6
20000000	76000000	1294.2352
21000000	76000000	1339.6984
22000000	76000000	1782.0011
23000000	76000000	1601.716
24000000	76000000	846.8975
25000000	76000000	1205.5597
26000000	76000000	983.9706
27000000	76000000	807.49963
28000000	76000000	1637.5928
29000000	76000000	2139.7754
30000000	76000000	2184.044
31000000	76000000	3421.161
32000000	76000000	2567.9233
33000000	76000000	3381.2705
34000000	76000000	3505.2244
35000000	76000000	2720.0933
36000000	76000000	1911.9004
37000000	76000000	1934.7748
38000000	76000000	2543.3684
39000000	76000000	3240.6711
40000000	76000000	4378.349
41000000	76000000	5100.747
42000000	76000000	5677.316
43000000	76000000	5881.002
44000000	76000000	6120.6533
45000000	76000000	4601.376
46000000	76000000	1839.4213
47000000	76000000	1865.3229
48000000	76000000	2802.8982
49000000	76000000	3308.2883
50000000	76000000	3701.4055
51000000	76000000	5620.758
52000000	76000000	4843.9463
53000000	76000000	3789.089
54000000	76000000	2806.193
55000000	76000000	3824.5332
56000000	76000000	5748.7993
57000000	76000000	6163.4907
58000000	76000000	6744.259
59000000	76000000	6518.862
60000000	76000000	7182.8267
61000000	76000000	6913.3975
62000000	76000000	8737.11
63000000	76000000	8723.861
64000000	76000000	7110.793
65000000	76000000	8919.665
66000000	76000000	10348.811
67000000	76000000	11258.967
68000000	76000000	12049.091
69000000	76000000	13204.01
70000000	76000000	12206.368
71000000	76000000	16386.732
72000000	76000000	20947.29
73000000	76000000	30716.666
74000000	76000000	50537.57
75000000	76000000	161918.94
76000000	76000000	833370.94
20000000	77000000	1047.4948
21000000	77000000	1317.8936
22000000	77000000	1645.1385
23000000	77000000	1539.5128
24000000	77000000	671.6837
25000000	77000000	995.87933
26000000	77000000	780.19147
27000000	77000000	684.95337
28000000	77000000	1501.6626
29000000	77000000	1771.5813
30000000	77000000	1891.2937
31000000	77000000	3423.2063
32000000	77000000	2452.3022
33000000	77000000	3056.4365
34000000	77000000	3370.7698
35000000	77000000	2503.1572
36000000	77000000	1610.6886
37000000	77000000	1803.2894
38000000	77000000	2610.1777
39000000	77000000	2962.5637
40000000	77000000	4304.8403
41000000	77000000	4601.631
42000000	77000000	5258.7197
43000000	77000000	5471.2686
44000000	77000000	5845.492
45000000	77000000	4467.1157
46000000	77000000	1491.0553
47000000	77000000	1526.928
48000000	77000000	2689.7395
49000000	77000000	3084.9348
50000000	77000000	3472.7703
51000000	77000000	5631.2183
52000000	77000000	5070.9053
53000000	77000000	3240.0623
54000000	77000000	2824.7864
55000000	77000000	3747.995
56000000	77000000	5373.852
57000000	77000000	6314.6904
58000000	77000000	6303.1675
59000000	77000000	6883.903
60000000	77000000	6564.639
61000000	77000000	6262.0894
62000000	77000000	7895.2866
63000000	77000000	8477.29
64000000	77000000	7451.836
65000000	77000000	8578.179
66000000	77000000	10328.216
67000000	77000000	11141.732
68000000	77000000	11704.448
69000000	77000000	12201.295
70000000	77000000	11808.441
71000000	77000000	13357.598
72000000	77000000	17795.162
73000000	77000000	23362.988
74000000	77000000	30412.111
75000000	77000000	40274.7
76000000	77000000	262711.66
77000000	77000000	876830.0
20000000	78000000	965.5432
21000000	78000000	1026.9132
22000000	78000000	1701.8198
23000000	78000000	1546.9282
24000000	78000000	555.0791
25000000	78000000	826.45605
26000000	78000000	749.0852
27000000	78000000	570.3957
28000000	78000000	1351.1393
29000000	78000000	1742.0758
30000000	78000000	1839.9305
31000000	78000000	3749.0647
32000000	78000000	2289.6128
33000000	78000000	3065.4387
34000000	78000000	3508.597
35000000	78000000	2350.6797
36000000	78000000	1390.0604
37000000	78000000	1512.452
38000000	78000000	2469.9656
39000000	78000000	2835.4468
40000000	78000000	5553.4355
41000000	78000000	6445.358
42000000	78000000	6759.377
43000000	78000000	6551.644
44000000	78000000	6602.6235
45000000	78000000	4881.0415
46000000	78000000	1270.2449
47000000	78000000	1210.2089
48000000	78000000	2569.0566
49000000	78000000	2847.3418
50000000	78000000	3557.1072
51000000	78000000	5752.3564
52000000	78000000	5422.5527
53000000	78000000	3023.9202
54000000	78000000	2493.5566
55000000	78000000	3202.1072
56000000	78000000	4427.8096
57000000	78000000	6104.4375
58000000	78000000	6319.795
59000000	78000000	7555.938
60000000	78000000	6979.091
61000000	78000000	6314.2593
62000000	78000000	8131.7275
63000000	78000000	10115.717
64000000	78000000	8452.708
65000000	78000000	10717.876
66000000	78000000	12537.792
67000000	78000000	11447.942
68000000	78000000	12274.602
69000000	78000000	13119.81
70000000	78000000	12177.963
71000000	78000000	12001.76
72000000	78000000	17056.984
73000000	78000000	22089.027
74000000	78000000	31235.13
75000000	78000000	34180.95
76000000	78000000	59270.61
77000000	78000000	165734.6
78000000	78000000	907092.06
20000000	79000000	1585.4161
21000000	79000000	1646.8324
22000000	79000000	2275.2026
23000000	79000000	2000.7678
24000000	79000000	1002.8522
25000000	79000000	1302.2104
26000000	79000000	1280.0673
27000000	79000000	1076.6619
28000000	79000000	2075.8948
29000000	79000000	2741.9612
30000000	79000000	2703.3142
31000000	79000000	3911.4307
32000000	79000000	3325.5918
33000000	79000000	4209.2534
34000000	79000000	4014.6804
35000000	79000000	2922.2734
36000000	79000000	2065.141
37000000	79000000	2178.3875
38000000	79000000	3030.7532
39000000	79000000	4256.255
40000000	79000000	4524.5967
41000000	79000000	4190.403
42000000	79000000	4443.5264
43000000	79000000	4566.3984
44000000	79000000	5582.1143
45000000	79000000	5076.3687
46000000	79000000	2102.0117
47000000	79000000	2136.9329
48000000	79000000	3228.191
49000000	79000000	3536.604
50000000	79000000	3907.971
51000000	79000000	6035.177
52000000	79000000	4931.379
53000000	79000000	5031.407
54000000	79000000	3224.3203
55000000	79000000	4125.808
56000000	79000000	5536.679
57000000	79000000	6488.84
58000000	79000000	7356.1724
59000000	79000000	6391.1885
60000000	79000000	8630.731
61000000	79000000	8640.952
62000000	79000000	10520.068
63000000	79000000	9631.442
64000000	79000000	5496.1523
65000000	79000000	6992.818
66000000	79000000	9277.024
67000000	79000000	9630.14
68000000	79000000	11035.286
69000000	79000000	13629.805
70000000	79000000	11998.605
71000000	79000000	14989.638
72000000	79000000	14481.191
73000000	79000000	21711.123
74000000	79000000	21246.287
75000000	79000000	15897.416
76000000	79000000	28588.504
77000000	79000000	38715.484
78000000	79000000	160639.81
79000000	79000000	788686.7
20000000	80000000	1786.1671
21000000	80000000	2005.6637
22000000	80000000	2613.8809
23000000	80000000	2252.2993
24000000	80000000	1258.1404
25000000	80000000	1620.0303
26000000	80000000	1445.3134
27000000	80000000	1255.9464
28000000	80000000	2195.5796
29000000	80000000	3022.864
30000000	80000000	2941.3293
31000000	80000000	4170.467
32000000	80000000	3877.35
33000000	80000000	4370.026
34000000	80000000	4074.7725
35000000	80000000	3219.3865
36000000	80000000	2411.0767
37000000	80000000	2553.2913
38000000	80000000	3592.5886
39000000	80000000	4452.9766
40000000	80000000	4014.7058
41000000	80000000	3349.346
42000000	80000000	3501.2847
43000000	80000000	3641.6223
44000000	80000000	4969.3213
45000000	80000000	5227.996
46000000	80000000	2576.0496
47000000	80000000	2488.3645
48000000	80000000	3738.8916
49000000	80000000	3709.786
50000000	80000000	4130.4136
51000000	80000000	5686.574
52000000	80000000	5494.2563
53000000	80000000	5527.992
54000000	80000000	4051.3638
55000000	80000000	4671.5923
56000000	80000000	5986.0586
57000000	80000000	6793.4326
58000000	80000000	7257.0674
59000000	80000000	6356.6567
60000000	80000000	8610.172
61000000	80000000	9171.457
62000000	80000000	10047.597
63000000	80000000	8787.179
64000000	80000000	5106.0845
65000000	80000000	5534.8213
66000000	80000000	7446.0835
67000000	80000000	8200.986
68000000	80000000	9836.232
69000000	80000000	11620.761
70000000	80000000	10326.794
71000000	80000000	13935.193
72000000	80000000	12058.738
73000000	80000000	17852.28
74000000	80000000	14838.747
75000000	80000000	10936.889
76000000	80000000	18980.094
77000000	80000000	22924.436
78000000	80000000	38958.4
79000000	80000000	222281.11
80000000	80000000	765704.75
20000000	81000000	2229.362
21000000	81000000	2199.0552
22000000	81000000	3090.3318
23000000	81000000	2522.4546
24000000	81000000	1450.0568
25000000	81000000	1971.9537
26000000	81000000	1867.8895
27000000	81000000	1608.5637
28000000	81000000	2756.1953
29000000	81000000	3598.1719
30000000	81000000	3150.618
31000000	81000000	4013.4026
32000000	81000000	4317.3354
33000000	81000000	4851.9434
34000000	81000000	4087.9282
35000000	81000000	3687.2012
36000000	81000000	3035.1318
37000000	81000000	3101.2793
38000000	81000000	3843.742
39000000	81000000	4908.0645
40000000	81000000	3318.5337
41000000	81000000	2343.356
42000000	81000000	2737.608
43000000	81000000	2787.2605
44000000	81000000	3905.3474
45000000	81000000	4732.239
46000000	81000000	3425.7559
47000000	81000000	3192.6584
48000000	81000000	4117.622
49000000	81000000	3992.4917
50000000	81000000	4151.95
51000000	81000000	5492.2476
52000000	81000000	4762.0737
53000000	81000000	7057.4326
54000000	81000000	4400.229
55000000	81000000	5415.373
56000000	81000000	6436.3457
57000000	81000000	6586.0195
58000000	81000000	7336.0986
59000000	81000000	5671.736
60000000	81000000	9136.65
61000000	81000000	10053.94
62000000	81000000	10454.436
63000000	81000000	7852.548
64000000	81000000	3531.9783
65000000	81000000	4392.4824
66000000	81000000	6164.937
67000000	81000000	7241.018
68000000	81000000	8507.389
69000000	81000000	10985.029
70000000	81000000	9437.515
71000000	81000000	13742.84
72000000	81000000	10325.747
73000000	81000000	16263.327
74000000	81000000	11736.348
75000000	81000000	7232.956
76000000	81000000	14559.437
77000000	81000000	15955.601
78000000	81000000	22993.898
79000000	81000000	64270.78
80000000	81000000	205103.17
81000000	81000000	721964.06
20000000	82000000	2432.0261
21000000	82000000	2300.305
22000000	82000000	3130.2004
23000000	82000000	2592.115
24000000	82000000	1685.8789
25000000	82000000	2094.855
26000000	82000000	1983.8383
27000000	82000000	1760.2073
28000000	82000000	2868.0854
29000000	82000000	3604.42
30000000	82000000	3564.028
31000000	82000000	3736.499
32000000	82000000	4209.887
33000000	82000000	4626.206
34000000	82000000	3983.2893
35000000	82000000	3609.7039
36000000	82000000	3335.1245
37000000	82000000	3278.4778
38000000	82000000	3592.943
39000000	82000000	4643.5527
40000000	82000000	3044.0964
41000000	82000000	2285.364
42000000	82000000	2655.4958
43000000	82000000	2750.6584
44000000	82000000	3675.3896
45000000	82000000	4543.157
46000000	82000000	3604.6748
47000000	82000000	3707.9402
48000000	82000000	4320.6494
49000000	82000000	4050.749
50000000	82000000	4201.684
51000000	82000000	5254.9272
52000000	82000000	4490.71
53000000	82000000	7316.4067
54000000	82000000	4424.9673
55000000	82000000	5333.9272
56000000	82000000	6424.112
57000000	82000000	6348.461
58000000	82000000	6990.004
59000000	82000000	5110.8364
60000000	82000000	8306.433
61000000	82000000	9231.206
62000000	82000000	9357.127
63000000	82000000	6729.1895
64000000	82000000	3206.355
65000000	82000000	3992.3003
66000000	82000000	5497.8857
67000000	82000000	6341.0093
68000000	82000000	7184.058
69000000	82000000	9268.39
70000000	82000000	7782.794
71000000	82000000	12618.61
72000000	82000000	9383.797
73000000	82000000	13854.095
74000000	82000000	9193.815
75000000	82000000	5749.7354
76000000	82000000	11989.714
77000000	82000000	12342.759
78000000	82000000	16035.007
79000000	82000000	35583.957
80000000	82000000	56792.184
81000000	82000000	243466.95
82000000	82000000	875590.0
20000000	83000000	1742.2081
21000000	83000000	1846.9675
22000000	83000000	2982.1362
23000000	83000000	2460.3435
24000000	83000000	1138.3134
25000000	83000000	1590.1123
26000000	83000000	1333.6091
27000000	83000000	1100.0366
28000000	83000000	2505.6409
29000000	83000000	3008.023
30000000	83000000	2898.2375
31000000	83000000	4525.4414
32000000	83000000	3783.7263
33000000	83000000	4593.5093
34000000	83000000	4976.518
35000000	83000000	3727.8865
36000000	83000000	2549.448
37000000	83000000	2604.7007
38000000	83000000	3619.8584
39000000	83000000	4364.94
40000000	83000000	4651.907
41000000	83000000	4006.9
42000000	83000000	4128.538
43000000	83000000	4238.574
44000000	83000000	5607.4766
45000000	83000000	6214.6255
46000000	83000000	2465.7854
47000000	83000000	2321.5527
48000000	83000000	4106.876
49000000	83000000	4364.8613
50000000	83000000	4875.7495
51000000	83000000	6811.328
52000000	83000000	6209.7886
53000000	83000000	5272.891
54000000	83000000	3655.686
55000000	83000000	5061.852
56000000	83000000	6610.6865
57000000	83000000	7052.08
58000000	83000000	7157.639
59000000	83000000	6772.8867
60000000	83000000	7749.0547
61000000	83000000	7568.407
62000000	83000000	8700.321
63000000	83000000	7594.3735
64000000	83000000	4595.571
65000000	83000000	5632.2373
66000000	83000000	6897.6304
67000000	83000000	7203.428
68000000	83000000	8030.4
69000000	83000000	9196.785
70000000	83000000	8039.1035
71000000	83000000	9711.421
72000000	83000000	10575.767
73000000	83000000	12278.181
74000000	83000000	10448.789
75000000	83000000	7740.6694
76000000	83000000	11459.403
77000000	83000000	12218.658
78000000	83000000	16209.042
79000000	83000000	25533.52
80000000	83000000	31051.74
81000000	83000000	47457.758
82000000	83000000	77860.47
83000000	83000000	895091.25
20000000	84000000	2296.3823
21000000	84000000	2341.5376
22000000	84000000	3020.358
23000000	84000000	2453.7937
24000000	84000000	1529.4823
25000000	84000000	2098.0698
26000000	84000000	1936.7748
27000000	84000000	1764.3665
28000000	84000000	2723.7705
29000000	84000000	3743.8132
30000000	84000000	3591.9175
31000000	84000000	4366.7803
32000000	84000000	4579.067
33000000	84000000	5396.6206
34000000	84000000	4568.751
35000000	84000000	3935.327
36000000	84000000	3150.8872
37000000	84000000	3327.68
38000000	84000000	3900.8118
39000000	84000000	5302.807
40000000	84000000	3471.676
41000000	84000000	2840.2664
42000000	84000000	3067.0476
43000000	84000000	3320.5764
44000000	84000000	4846.798
45000000	84000000	5219.4395
46000000	84000000	3593.9116
47000000	84000000	3406.4343
48000000	84000000	4431.3125
49000000	84000000	4363.001
50000000	84000000	4510.7505
51000000	84000000	6581.103
52000000	84000000	4982.626
53000000	84000000	7196.2925
54000000	84000000	4740.956
55000000	84000000	5696.2417
56000000	84000000	7872.2485
57000000	84000000	7522.6675
58000000	84000000	7875.4004
59000000	84000000	5694.8335
60000000	84000000	8668.373
61000000	84000000	9005.224
62000000	84000000	9483.928
63000000	84000000	6924.6797
64000000	84000000	3610.4197
65000000	84000000	4120.3623
66000000	84000000	5588.495
67000000	84000000	6681.1636
68000000	84000000	7511.9434
69000000	84000000	8948.151
70000000	84000000	7754.766
71000000	84000000	11499.694
72000000	84000000	8319.1455
73000000	84000000	12114.1455
74000000	84000000	8159.47
75000000	84000000	5125.738
76000000	84000000	10703.998
77000000	84000000	10264.545
78000000	84000000	11520.872
79000000	84000000	20263.914
80000000	84000000	25224.797
81000000	84000000	34554.105
82000000	84000000	47737.03
83000000	84000000	203683.78
84000000	84000000	858747.3
20000000	85000000	1406.3374
21000000	85000000	1597.1057
22000000	85000000	2890.2732
23000000	85000000	2813.409
24000000	85000000	781.19415
25000000	85000000	1452.1337
26000000	85000000	1097.079
27000000	85000000	851.5897
28000000	85000000	2495.7898
29000000	85000000	2579.907
30000000	85000000	2685.9263
31000000	85000000	5935.42
32000000	85000000	3252.8213
33000000	85000000	3751.6572
34000000	85000000	5093.721
35000000	85000000	3866.6875
36000000	85000000	2077.3809
37000000	85000000	2554.1914
38000000	85000000	4309.489
39000000	85000000	3812.7568
40000000	85000000	6775.493
41000000	85000000	5504.4375
42000000	85000000	4998.774
43000000	85000000	5143.525
44000000	85000000	6918.671
45000000	85000000	8191.5625
46000000	85000000	1845.4957
47000000	85000000	1703.584
48000000	85000000	4331.9033
49000000	85000000	4708.023
50000000	85000000	5382.121
51000000	85000000	7476.592
52000000	85000000	9173.6875
53000000	85000000	3418.768
54000000	85000000	3448.5303
55000000	85000000	5124.396
56000000	85000000	6235.9966
57000000	85000000	7496.577
58000000	85000000	6266.304
59000000	85000000	7799.232
60000000	85000000	6071.1104
61000000	85000000	4977.127
62000000	85000000	6237.108
63000000	85000000	7418.7266
64000000	85000000	6370.3066
65000000	85000000	6135.138
66000000	85000000	6532.633
67000000	85000000	6560.281
68000000	85000000	7085.4385
69000000	85000000	6963.442
70000000	85000000	6797.6396
71000000	85000000	5777.304
72000000	85000000	9013.403
73000000	85000000	7329.6377
74000000	85000000	8601.608
75000000	85000000	8170.9023
76000000	85000000	8349.788
77000000	85000000	9541.724
78000000	85000000	12558.776
79000000	85000000	14092.43
80000000	85000000	16458.275
81000000	85000000	17745.11
82000000	85000000	22594.293
83000000	85000000	52318.07
84000000	85000000	94790.07
85000000	85000000	916498.75
20000000	86000000	3591.4023
21000000	86000000	3354.6553
22000000	86000000	4792.3247
23000000	86000000	4151.5176
24000000	86000000	2536.2896
25000000	86000000	3097.671
26000000	86000000	3230.138
27000000	86000000	3184.6558
28000000	86000000	4452.869
29000000	86000000	5376.479
30000000	86000000	4631.093
31000000	86000000	4571.7373
32000000	86000000	4817.4287
33000000	86000000	5043.3364
34000000	86000000	4664.12
35000000	86000000	4892.012
36000000	86000000	4563.721
37000000	86000000	4864.718
38000000	86000000	5372.495
39000000	86000000	5346.475
40000000	86000000	3780.72
41000000	86000000	2223.5164
42000000	86000000	2207.567
43000000	86000000	2338.5645
44000000	86000000	3324.6406
45000000	86000000	6018.7427
46000000	86000000	5663.4136
47000000	86000000	5264.4355
48000000	86000000	6215.296
49000000	86000000	5240.455
50000000	86000000	5082.307
51000000	86000000	5577.5444
52000000	86000000	6008.9243
53000000	86000000	7836.95
54000000	86000000	5549.166
55000000	86000000	6580.171
56000000	86000000	6369.782
57000000	86000000	5746.898
58000000	86000000	5337.5615
59000000	86000000	4506.1313
60000000	86000000	6192.33
61000000	86000000	6871.513
62000000	86000000	7003.9517
63000000	86000000	4889.9814
64000000	86000000	2832.2751
65000000	86000000	2773.461
66000000	86000000	3393.376
67000000	86000000	3638.2444
68000000	86000000	4356.6704
69000000	86000000	5741.681
70000000	86000000	5484.4937
71000000	86000000	7549.6963
72000000	86000000	6174.2466
73000000	86000000	7211.9067
74000000	86000000	5220.874
75000000	86000000	3825.3726
76000000	86000000	5334.5254
77000000	86000000	5600.8574
78000000	86000000	6280.0063
79000000	86000000	9383.415
80000000	86000000	11772.695
81000000	86000000	16769.816
82000000	86000000	19498.537
83000000	86000000	23641.908
84000000	86000000	39080.29
85000000	86000000	177199.94
86000000	86000000	677385.25
20000000	87000000	7787.6997
21000000	87000000	3837.198
22000000	87000000	4510.732
23000000	87000000	5332.403
24000000	87000000	8140.553
25000000	87000000	6160.1826
26000000	87000000	8149.8633
27000000	87000000	9745.804
28000000	87000000	6803.587
29000000	87000000	6578.4536
30000000	87000000	6358.972
31000000	87000000	2250.5999
32000000	87000000	5035.264
33000000	87000000	4391.032
34000000	87000000	2923.2278
35000000	87000000	4138.913
36000000	87000000	6863.749
37000000	87000000	7449.767
38000000	87000000	4592.136
39000000	87000000	5229.659
40000000	87000000	1228.1713
41000000	87000000	790.7977
42000000	87000000	845.7913
43000000	87000000	881.81537
44000000	87000000	1487.091
45000000	87000000	3100.542
46000000	87000000	13682.401
47000000	87000000	12571.943
48000000	87000000	5886.3833
49000000	87000000	4360.9106
50000000	87000000	4304.831
51000000	87000000	3140.0393
52000000	87000000	2051.719
53000000	87000000	10921.532
54000000	87000000	10233.627
55000000	87000000	7486.0327
56000000	87000000	5588.327
57000000	87000000	3647.5242
58000000	87000000	4334.1562
59000000	87000000	1666.4963
60000000	87000000	5236.412
61000000	87000000	7665.6436
62000000	87000000	6264.5977
63000000	87000000	2833.0361
64000000	87000000	1034.6967
65000000	87000000	1208.3116
66000000	87000000	1734.5024
67000000	87000000	2188.1106
68000000	87000000	3051.0586
69000000	87000000	4678.71
70000000	87000000	3809.497
71000000	87000000	8981.776
72000000	87000000	3592.0981
73000000	87000000	6529.6655
74000000	87000000	3098.4924
75000000	87000000	1838.0784
76000000	87000000	4146.828
77000000	87000000	3644.094
78000000	87000000	3490.4297
79000000	87000000	7059.3545
80000000	87000000	9281.3125
81000000	87000000	13887.465
82000000	87000000	16363.439
83000000	87000000	13617.191
84000000	87000000	25800.38
85000000	87000000	18870.633
86000000	87000000	176578.83
87000000	87000000	783207.1
20000000	88000000	6074.84
21000000	88000000	4144.486
22000000	88000000	4876.8115
23000000	88000000	4785.369
24000000	88000000	5175.9673
25000000	88000000	4716.087
26000000	88000000	5852.9795
27000000	88000000	6425.362
28000000	88000000	5880.823
29000000	88000000	7110.22
30000000	88000000	6200.346
31000000	88000000	3029.1946
32000000	88000000	5794.7476
33000000	88000000	5661.856
34000000	88000000	3690.0525
35000000	88000000	4491.2686
36000000	88000000	5824.4946
37000000	88000000	5908.11
38000000	88000000	4825.222
39000000	88000000	5973.095
40000000	88000000	1775.9388
41000000	88000000	1008.6848
42000000	88000000	1143.3655
43000000	88000000	1100.211
44000000	88000000	1846.7872
45000000	88000000	4112.6826
46000000	88000000	9639.925
47000000	88000000	8905.981
48000000	88000000	6293.6416
49000000	88000000	4344.713
50000000	88000000	4346.36
51000000	88000000	4127.833
52000000	88000000	2811.9072
53000000	88000000	10714.6455
54000000	88000000	7366.995
55000000	88000000	6645.707
56000000	88000000	5882.128
57000000	88000000	4520.2295
58000000	88000000	5255.696
59000000	88000000	2348.113
60000000	88000000	6145.351
61000000	88000000	8757.837
62000000	88000000	7787.3
63000000	88000000	3862.8435
64000000	88000000	1168.8545
65000000	88000000	1481.1517
66000000	88000000	2233.155
67000000	88000000	2640.0261
68000000	88000000	3472.522
69000000	88000000	5529.878
70000000	88000000	4989.3765
71000000	88000000	9656.975
72000000	88000000	4257.8057
73000000	88000000	7885.767
74000000	88000000	4130.995
75000000	88000000	1883.0026
76000000	88000000	4443.3857
77000000	88000000	4068.1934
78000000	88000000	4392.5913
79000000	88000000	8610.586
80000000	88000000	11239.961
81000000	88000000	15756.572
82000000	88000000	17976.043
83000000	88000000	16106.846
84000000	88000000	26503.988
85000000	88000000	25336.643
86000000	88000000	151451.27
87000000	88000000	239575.77
88000000	88000000	680738.1
20000000	89000000	2436.325
21000000	89000000	2844.6377
22000000	89000000	4284.0684
23000000	89000000	3571.8403
24000000	89000000	1334.0519
25000000	89000000	2290.0435
26000000	89000000	1904.3022
27000000	89000000	1488.7734
28000000	89000000	3889.69
29000000	89000000	4260.751
30000000	89000000	3791.6575
31000000	89000000	5756.8564
32000000	89000000	4645.564
33000000	89000000	5447.5664
34000000	89000000	6039.219
35000000	89000000	4732.209
36000000	89000000	2919.289
37000000	89000000	3308.3289
38000000	89000000	4863.833
39000000	89000000	5425.6523
40000000	89000000	6067.995
41000000	89000000	4594.064
42000000	89000000	4282.5723
43000000	89000000	4534.1064
44000000	89000000	6031.3857
45000000	89000000	8449.742
46000000	89000000	3141.7917
47000000	89000000	2793.1904
48000000	89000000	5440.8027
49000000	89000000	5421.23
50000000	89000000	5505.0244
51000000	89000000	7562.177
52000000	89000000	7481.889
53000000	89000000	5973.57
54000000	89000000	3875.0808
55000000	89000000	5739.4434
56000000	89000000	6583.4204
57000000	89000000	7143.743
58000000	89000000	6648.053
59000000	89000000	6610.162
60000000	89000000	7398.261
61000000	89000000	6732.3853
62000000	89000000	8310.152
63000000	89000000	7362.823
64000000	89000000	4330.207
65000000	89000000	4847.0107
66000000	89000000	5694.144
67000000	89000000	5751.347
68000000	89000000	6549.77
69000000	89000000	8008.198
70000000	89000000	7194.5483
71000000	89000000	7519.136
72000000	89000000	8747.167
73000000	89000000	9293.506
74000000	89000000	8525.078
75000000	89000000	6103.433
76000000	89000000	7469.0654
77000000	89000000	7766.1987
78000000	89000000	10426.234
79000000	89000000	13422.355
80000000	89000000	14021.818
81000000	89000000	14839.363
82000000	89000000	15089.229
83000000	89000000	22720.232
84000000	89000000	23794.898
85000000	89000000	45112.113
86000000	89000000	61530.254
87000000	89000000	32561.203
88000000	89000000	106076.51
89000000	89000000	798350.06
20000000	90000000	1228.9583
21000000	90000000	1494.4116
22000000	90000000	2306.7693
23000000	90000000	2256.7559
24000000	90000000	671.5176
25000000	90000000	1184.8473
26000000	90000000	946.9352
27000000	90000000	676.5258
28000000	90000000	1953.0449
29000000	90000000	2150.796
30000000	90000000	2377.6804
31000000	90000000	4954.8022
32000000	90000000	2702.8875
33000000	90000000	3389.8413
34000000	90000000	4842.5537
35000000	90000000	3103.1418
36000000	90000000	1781.4427
37000000	90000000	1922.4805
38000000	90000000	3279.8901
39000000	90000000	3239.2363
40000000	90000000	7634.688
41000000	90000000	7784.2583
42000000	90000000	6869.909
43000000	90000000	7268.7686
44000000	90000000	8455.012
45000000	90000000	7170.3677
46000000	90000000	1428.0234
47000000	90000000	1389.4056
48000000	90000000	3097.4373
49000000	90000000	3781.987
50000000	90000000	4607.1494
51000000	90000000	7095.7603
52000000	90000000	7618.5005
53000000	90000000	2879.355
54000000	90000000	2574.308
55000000	90000000	3829.845
56000000	90000000	4787.4653
57000000	90000000	6163.1772
58000000	90000000	5783.402
59000000	90000000	7423.9053
60000000	90000000	5392.572
61000000	90000000	4282.524
62000000	90000000	5853.511
63000000	90000000	7541.51
64000000	90000000	7295.938
65000000	90000000	7637.935
66000000	90000000	7586.6484
67000000	90000000	6672.57
68000000	90000000	7027.8325
69000000	90000000	6617.6475
70000000	90000000	6273.6226
71000000	90000000	5151.7446
72000000	90000000	8189.4297
73000000	90000000	7114.515
74000000	90000000	9357.291
75000000	90000000	9413.931
76000000	90000000	8227.05
77000000	90000000	8498.325
78000000	90000000	11886.674
79000000	90000000	11445.757
80000000	90000000	10540.772
81000000	90000000	9423.403
82000000	90000000	8754.346
83000000	90000000	15269.606
84000000	90000000	13922.714
85000000	90000000	27392.326
86000000	90000000	17908.402
87000000	90000000	8726.461
88000000	90000000	16113.237
89000000	90000000	138630.84
90000000	90000000	903147.4
20000000	91000000	1370.2745
21000000	91000000	1474.9431
22000000	91000000	2656.441
23000000	91000000	2356.7715
24000000	91000000	890.09564
25000000	91000000	1356.3923
26000000	91000000	1211.8596
27000000	91000000	948.6989
28000000	91000000	2233.2002
29000000	91000000	2430.2092
30000000	91000000	2446.0142
31000000	91000000	4749.0376
32000000	91000000	2987.5603
33000000	91000000	3523.4631
34000000	91000000	4507.446
35000000	91000000	3094.422
36000000	91000000	1988.463
37000000	91000000	2278.689
38000000	91000000	3503.8633
39000000	91000000	3370.0085
40000000	91000000	6171.3765
41000000	91000000	5507.195
42000000	91000000	4606.1465
43000000	91000000	4766.512
44000000	91000000	5969.4106
45000000	91000000	5726.729
46000000	91000000	1811.5503
47000000	91000000	1737.6545
48000000	91000000	3358.688
49000000	91000000	3780.2764
50000000	91000000	4430.7603
51000000	91000000	5440.2764
52000000	91000000	6944.4565
53000000	91000000	3602.367
54000000	91000000	2959.095
55000000	91000000	3933.7847
56000000	91000000	4705.3926
57000000	91000000	5337.049
58000000	91000000	5088.3936
59000000	91000000	6467.972
60000000	91000000	5116.762
61000000	91000000	4415.599
62000000	91000000	5512.3496
63000000	91000000	6066.443
64000000	91000000	5991.979
65000000	91000000	5393.0786
66000000	91000000	5117.952
67000000	91000000	4833.953
68000000	91000000	5358.156
69000000	91000000	5151.642
70000000	91000000	5078.8384
71000000	91000000	4856.84
72000000	91000000	6956.5923
73000000	91000000	5974.404
74000000	91000000	7064.966
75000000	91000000	7179.1924
76000000	91000000	5994.4136
77000000	91000000	6110.734
78000000	91000000	7931.093
79000000	91000000	8545.121
80000000	91000000	9067.603
81000000	91000000	8412.207
82000000	91000000	7977.179
83000000	91000000	11657.028
84000000	91000000	11006.055
85000000	91000000	18911.223
86000000	91000000	16339.964
87000000	91000000	9654.308
88000000	91000000	15993.435
89000000	91000000	45858.22
90000000	91000000	238183.22
91000000	91000000	869445.2
20000000	92000000	2854.2112
21000000	92000000	2878.3018
22000000	92000000	3551.44
23000000	92000000	2791.2751
24000000	92000000	1971.4559
25000000	92000000	2229.4517
26000000	92000000	2475.3137
27000000	92000000	2363.3958
28000000	92000000	3512.0315
29000000	92000000	4837.566
30000000	92000000	4365.512
31000000	92000000	3694.884
32000000	92000000	5299.538
33000000	92000000	6045.94
34000000	92000000	4434.8193
35000000	92000000	4060.1968
36000000	92000000	3736.5261
37000000	92000000	3785.9822
38000000	92000000	4194.163
39000000	92000000	6013.9546
40000000	92000000	2592.927
41000000	92000000	1633.9767
42000000	92000000	1873.31
43000000	92000000	1930.2179
44000000	92000000	2861.3225
45000000	92000000	4359.7183
46000000	92000000	4292.6865
47000000	92000000	3949.846
48000000	92000000	4287.211
49000000	92000000	3810.9724
50000000	92000000	4005.9514
51000000	92000000	4951.533
52000000	92000000	3671.8386
53000000	92000000	8495.153
54000000	92000000	4490.8784
55000000	92000000	4907.5264
56000000	92000000	5614.421
57000000	92000000	5613.3687
58000000	92000000	6311.545
59000000	92000000	3551.944
60000000	92000000	7240.951
61000000	92000000	8623.052
62000000	92000000	8184.6567
63000000	92000000	5145.3486
64000000	92000000	1730.3981
65000000	92000000	2200.5789
66000000	92000000	3252.6565
67000000	92000000	3681.501
68000000	92000000	4713.94
69000000	92000000	6692.7783
70000000	92000000	5710.327
71000000	92000000	8797.112
72000000	92000000	5399.057
73000000	92000000	8570.958
74000000	92000000	5257.4644
75000000	92000000	2614.9905
76000000	92000000	5193.1865
77000000	92000000	4998.6387
78000000	92000000	5841.6875
79000000	92000000	9436.446
80000000	92000000	10453.051
81000000	92000000	12124.224
82000000	92000000	11856.912
83000000	92000000	11998.166
84000000	92000000	15713.866
85000000	92000000	11855.954
86000000	92000000	22953.027
87000000	92000000	24398.531
88000000	92000000	36862.758
89000000	92000000	38238.426
90000000	92000000	32965.098
91000000	92000000	155191.1
92000000	92000000	781356.2
20000000	93000000	2693.4482
21000000	93000000	2524.0137
22000000	93000000	3906.0422
23000000	93000000	3323.1284
24000000	93000000	1770.4344
25000000	93000000	2374.7026
26000000	93000000	2205.426
27000000	93000000	1916.3977
28000000	93000000	3873.929
29000000	93000000	4414.9478
30000000	93000000	3823.5403
31000000	93000000	4500.1035
32000000	93000000	4457.848
33000000	93000000	4901.724
34000000	93000000	4698.1064
35000000	93000000	4320.1426
36000000	93000000	3276.3506
37000000	93000000	3633.2632
38000000	93000000	4788.4014
39000000	93000000	5045.393
40000000	93000000	3864.9812
41000000	93000000	2387.379
42000000	93000000	2205.4907
43000000	93000000	2207.7244
44000000	93000000	3561.2764
45000000	93000000	5564.0493
46000000	93000000	3839.5342
47000000	93000000	3423.3938
48000000	93000000	5017.8794
49000000	93000000	4671.2227
50000000	93000000	4812.5933
51000000	93000000	5130.1753
52000000	93000000	5591.343
53000000	93000000	6551.8057
54000000	93000000	4086.4404
55000000	93000000	5396.0586
56000000	93000000	5755.658
57000000	93000000	5389.16
58000000	93000000	5262.4067
59000000	93000000	4442.7827
60000000	93000000	5907.5815
61000000	93000000	6306.411
62000000	93000000	6701.1353
63000000	93000000	4735.366
64000000	93000000	2370.5166
65000000	93000000	2536.5557
66000000	93000000	3110.9983
67000000	93000000	3179.8206
68000000	93000000	3901.4314
69000000	93000000	5139.3965
70000000	93000000	4849.452
71000000	93000000	6158.334
72000000	93000000	5455.1465
73000000	93000000	6550.1577
74000000	93000000	4738.9507
75000000	93000000	3153.6716
76000000	93000000	4456.863
77000000	93000000	4410.3066
78000000	93000000	5509.9624
79000000	93000000	7767.19
80000000	93000000	8846.056
81000000	93000000	10228.63
82000000	93000000	9975.44
83000000	93000000	11001.155
84000000	93000000	12150.435
85000000	93000000	13976.551
86000000	93000000	21430.79
87000000	93000000	17948.055
88000000	93000000	28058.16
89000000	93000000	34475.465
90000000	93000000	26910.15
91000000	93000000	60819.195
92000000	93000000	189417.12
93000000	93000000	747613.8
20000000	94000000	3998.3345
21000000	94000000	3594.4858
22000000	94000000	4356.574
23000000	94000000	3816.934
24000000	94000000	3019.5134
25000000	94000000	3128.1157
26000000	94000000	3318.921
27000000	94000000	3534.6475
28000000	94000000	4346.3467
29000000	94000000	5410.8105
30000000	94000000	4743.0
31000000	94000000	3412.8882
32000000	94000000	4852.0107
33000000	94000000	5007.2754
34000000	94000000	3888.6228
35000000	94000000	4563.4927
36000000	94000000	5093.9077
37000000	94000000	5267.6987
38000000	94000000	5122.585
39000000	94000000	5439.8506
40000000	94000000	2215.5476
41000000	94000000	1182.2426
42000000	94000000	1230.721
43000000	94000000	1411.2911
44000000	94000000	2088.7344
45000000	94000000	4200.0566
46000000	94000000	6220.6836
47000000	94000000	5789.147
48000000	94000000	5573.967
49000000	94000000	4782.6655
50000000	94000000	4523.1577
51000000	94000000	4248.3823
52000000	94000000	3909.922
53000000	94000000	9398.542
54000000	94000000	5825.262
55000000	94000000	6245.5703
56000000	94000000	5937.1196
57000000	94000000	4636.7554
58000000	94000000	4717.7236
59000000	94000000	2730.2812
60000000	94000000	5472.0938
61000000	94000000	6796.3354
62000000	94000000	5951.999
63000000	94000000	3287.7034
64000000	94000000	1294.2336
65000000	94000000	1477.0928
66000000	94000000	1906.4705
67000000	94000000	2345.2598
68000000	94000000	2924.166
69000000	94000000	4176.1187
70000000	94000000	3730.1968
71000000	94000000	6574.767
72000000	94000000	3989.8906
73000000	94000000	5877.277
74000000	94000000	3071.949
75000000	94000000	1876.7434
76000000	94000000	3532.4084
77000000	94000000	3330.3645
78000000	94000000	3441.0251
79000000	94000000	5540.1875
80000000	94000000	6934.1226
81000000	94000000	9402.722
82000000	94000000	9745.599
83000000	94000000	8641.591
84000000	94000000	11460.801
85000000	94000000	8733.707
86000000	94000000	21066.383
87000000	94000000	27549.096
88000000	94000000	31838.78
89000000	94000000	20860.092
90000000	94000000	12028.909
91000000	94000000	24006.887
92000000	94000000	71855.42
93000000	94000000	204515.89
94000000	94000000	750286.25
20000000	95000000	4034.7708
21000000	95000000	2704.6682
22000000	95000000	3591.1907
23000000	95000000	3445.3857
24000000	95000000	3976.9697
25000000	95000000	3804.67
26000000	95000000	4034.711
27000000	95000000	4581.899
28000000	95000000	4052.864
29000000	95000000	4289.6924
30000000	95000000	3624.009
31000000	95000000	2264.3843
32000000	95000000	3552.6206
33000000	95000000	3050.249
34000000	95000000	2405.975
35000000	95000000	3578.9219
36000000	95000000	4863.918
37000000	95000000	5194.6553
38000000	95000000	4155.941
39000000	95000000	3911.3481
40000000	95000000	1333.9237
41000000	95000000	825.6454
42000000	95000000	841.8407
43000000	95000000	897.47595
44000000	95000000	1384.4639
45000000	95000000	3007.3289
46000000	95000000	7067.0625
47000000	95000000	6585.12
48000000	95000000	4636.5767
49000000	95000000	3863.7305
50000000	95000000	3515.2805
51000000	95000000	2886.8035
52000000	95000000	2516.9675
53000000	95000000	7435.5137
54000000	95000000	6962.7056
55000000	95000000	5788.1406
56000000	95000000	4800.6772
57000000	95000000	3233.5984
58000000	95000000	3164.568
59000000	95000000	1802.6389
60000000	95000000	3378.1396
61000000	95000000	4327.98
62000000	95000000	3872.5798
63000000	95000000	1996.4558
64000000	95000000	1009.10443
65000000	95000000	948.1097
66000000	95000000	1231.5132
67000000	95000000	1462.1761
68000000	95000000	1998.2632
69000000	95000000	2622.2197
70000000	95000000	2382.472
71000000	95000000	4417.7393
72000000	95000000	2530.062
73000000	95000000	3621.5835
74000000	95000000	1931.5096
75000000	95000000	1370.036
76000000	95000000	2609.6436
77000000	95000000	2368.4055
78000000	95000000	2149.8179
79000000	95000000	3585.7805
80000000	95000000	4668.9956
81000000	95000000	6229.5557
82000000	95000000	6879.582
83000000	95000000	5603.712
84000000	95000000	7942.727
85000000	95000000	5505.5537
86000000	95000000	14004.99
87000000	95000000	24652.984
88000000	95000000	21696.58
89000000	95000000	10913.015
90000000	95000000	6378.3022
91000000	95000000	10971.006
92000000	95000000	27272.59
93000000	95000000	39232.414
94000000	95000000	136212.11
95000000	95000000	672816.8
20000000	96000000	2551.808
21000000	96000000	2361.5808
22000000	96000000	3231.1775
23000000	96000000	2997.2214
24000000	96000000	2076.403
25000000	96000000	3372.7244
26000000	96000000	2391.5388
27000000	96000000	2203.8848
28000000	96000000	3208.8972
29000000	96000000	3290.2756
30000000	96000000	2694.0603
31000000	96000000	3412.049
32000000	96000000	2665.776
33000000	96000000	2639.6414
34000000	96000000	3179.8271
35000000	96000000	4132.6357
36000000	96000000	3675.3882
37000000	96000000	4329.047
38000000	96000000	4598.52
39000000	96000000	3408.8325
40000000	96000000	2656.9834
41000000	96000000	1486.8257
42000000	96000000	1364.109
43000000	96000000	1509.9446
44000000	96000000	2446.9849
45000000	96000000	4555.15
46000000	96000000	4308.1475
47000000	96000000	4186.595
48000000	96000000	4916.6997
49000000	96000000	4663.1016
50000000	96000000	4049.0076
51000000	96000000	3800.1812
52000000	96000000	5117.3677
53000000	96000000	4722.294
54000000	96000000	6549.325
55000000	96000000	6203.086
56000000	96000000	5907.546
57000000	96000000	4492.1025
58000000	96000000	3308.1792
59000000	96000000	3581.1504
60000000	96000000	3199.8542
61000000	96000000	3031.9011
62000000	96000000	3325.1123
63000000	96000000	2436.2512
64000000	96000000	2049.0723
65000000	96000000	1660.5576
66000000	96000000	1776.9828
67000000	96000000	1979.4684
68000000	96000000	2614.9915
69000000	96000000	2439.2856
70000000	96000000	2456.528
71000000	96000000	2913.394
72000000	96000000	3394.0625
73000000	96000000	2825.6912
74000000	96000000	2318.5989
75000000	96000000	2300.3845
76000000	96000000	2827.542
77000000	96000000	2917.1504
78000000	96000000	2628.5664
79000000	96000000	3678.1858
80000000	96000000	5030.5234
81000000	96000000	5512.066
82000000	96000000	5371.8945
83000000	96000000	6138.613
84000000	96000000	7104.076
85000000	96000000	9470.377
86000000	96000000	11554.66
87000000	96000000	10770.713
88000000	96000000	11153.96
89000000	96000000	12068.8125
90000000	96000000	9414.491
91000000	96000000	12550.6455
92000000	96000000	15494.993
93000000	96000000	25412.545
94000000	96000000	48588.363
95000000	96000000	257876.25
96000000	96000000	826365.44
20000000	97000000	4600.832
21000000	97000000	2757.2031
22000000	97000000	3431.346
23000000	97000000	3453.1218
24000000	97000000	5085.0493
25000000	97000000	4460.2827
26000000	97000000	5201.7085
27000000	97000000	5740.31
28000000	97000000	4171.3438
29000000	97000000	4164.157
30000000	97000000	3631.0645
31000000	97000000	1887.4559
32000000	97000000	3322.2292
33000000	97000000	2722.229
34000000	97000000	2098.6045
35000000	97000000	3197.8743
36000000	97000000	4925.063
37000000	97000000	5393.942
38000000	97000000	3694.475
39000000	97000000	3651.9197
40000000	97000000	1150.6519
41000000	97000000	688.82855
42000000	97000000	689.92944
43000000	97000000	748.80597
44000000	97000000	1127.0001
45000000	97000000	2661.783
46000000	97000000	8544.323
47000000	97000000	7962.906
48000000	97000000	4355.1807
49000000	97000000	3536.9211
50000000	97000000	3410.5757
51000000	97000000	2516.486
52000000	97000000	2034.8922
53000000	97000000	6830.014
54000000	97000000	7320.3022
55000000	97000000	5538.7583
56000000	97000000	4436.2646
57000000	97000000	2839.988
58000000	97000000	2770.088
59000000	97000000	1486.8876
60000000	97000000	3024.1802
61000000	97000000	3757.3987
62000000	97000000	3302.85
63000000	97000000	1662.788
64000000	97000000	709.7837
65000000	97000000	823.7066
66000000	97000000	1077.3442
67000000	97000000	1234.9707
68000000	97000000	1636.3915
69000000	97000000	2203.2297
70000000	97000000	2033.5482
71000000	97000000	4096.9043
72000000	97000000	2248.8354
73000000	97000000	3093.0046
74000000	97000000	1591.7758
75000000	97000000	1138.1844
76000000	97000000	2293.103
77000000	97000000	2020.7451
78000000	97000000	1794.9552
79000000	97000000	3214.2812
80000000	97000000	4139.47
81000000	97000000	5695.885
82000000	97000000	6122.9424
83000000	97000000	4818.0103
84000000	97000000	7176.8164
85000000	97000000	4308.044
86000000	97000000	12119.939
87000000	97000000	25699.52
88000000	97000000	19823.049
89000000	97000000	8383.3
90000000	97000000	4707.6055
91000000	97000000	7807.4434
92000000	97000000	18192.57
93000000	97000000	22049.451
94000000	97000000	51594.766
95000000	97000000	186004.64
96000000	97000000	208746.14
97000000	97000000	767733.06
20000000	98000000	6459.836
21000000	98000000	3865.7976
22000000	98000000	4076.7231
23000000	98000000	4562.8706
24000000	98000000	6795.5176
25000000	98000000	5585.802
26000000	98000000	6910.9155
27000000	98000000	8004.818
28000000	98000000	5601.5303
29000000	98000000	5465.7964
30000000	98000000	4765.3584
31000000	98000000	1830.9194
32000000	98000000	4176.5693
33000000	98000000	3434.1108
34000000	98000000	2373.866
35000000	98000000	3557.9006
36000000	98000000	5619.8125
37000000	98000000	6256.266
38000000	98000000	3818.5942
39000000	98000000	4190.8516
40000000	98000000	1042.2577
41000000	98000000	681.6541
42000000	98000000	658.27625
43000000	98000000	706.31915
44000000	98000000	1123.4058
45000000	98000000	2763.5266
46000000	98000000	10828.819
47000000	98000000	9832.385
48000000	98000000	5012.3276
49000000	98000000	3628.7637
50000000	98000000	3497.9485
51000000	98000000	2698.8354
52000000	98000000	1855.34
53000000	98000000	8502.208
54000000	98000000	8045.3486
55000000	98000000	6022.4927
56000000	98000000	4700.7866
57000000	98000000	2897.318
58000000	98000000	3041.049
59000000	98000000	1335.7267
60000000	98000000	3577.7217
61000000	98000000	4924.133
62000000	98000000	4032.091
63000000	98000000	1780.2576
64000000	98000000	630.8994
65000000	98000000	722.9564
66000000	98000000	1036.8394
67000000	98000000	1207.5172
68000000	98000000	1673.0953
69000000	98000000	2631.0737
70000000	98000000	2261.2358
71000000	98000000	5392.658
72000000	98000000	2239.397
73000000	98000000	3787.5623
74000000	98000000	1656.4066
75000000	98000000	1013.62146
76000000	98000000	2464.9436
77000000	98000000	2100.1653
78000000	98000000	1974.0077
79000000	98000000	3797.5435
80000000	98000000	4715.367
81000000	98000000	6799.439
82000000	98000000	7488.875
83000000	98000000	5443.635
84000000	98000000	8313.965
85000000	98000000	4392.9443
86000000	98000000	16105.512
87000000	98000000	36101.617
88000000	98000000	29974.803
89000000	98000000	9911.461
90000000	98000000	4530.3438
91000000	98000000	7990.8804
92000000	98000000	23944.602
93000000	98000000	26809.11
94000000	98000000	59343.562
95000000	98000000	126092.47
96000000	98000000	75343.4
97000000	98000000	207454.33
98000000	98000000	756966.0
20000000	99000000	2845.8486
21000000	99000000	3120.224
22000000	99000000	4416.2734
23000000	99000000	3629.1868
24000000	99000000	1793.8533
25000000	99000000	2881.8308
26000000	99000000	2482.541
27000000	99000000	1946.9531
28000000	99000000	3748.7363
29000000	99000000	4478.6743
30000000	99000000	3601.4824
31000000	99000000	4636.674
32000000	99000000	3845.7598
33000000	99000000	4181.5195
34000000	99000000	4536.156
35000000	99000000	4461.585
36000000	99000000	3499.2036
37000000	99000000	3903.884
38000000	99000000	4648.5376
39000000	99000000	4386.7896
40000000	99000000	3687.852
41000000	99000000	2200.925
42000000	99000000	2181.525
43000000	99000000	2225.3801
44000000	99000000	3463.5437
45000000	99000000	6110.0693
46000000	99000000	3593.9766
47000000	99000000	3374.174
48000000	99000000	5390.394
49000000	99000000	4661.5244
50000000	99000000	4623.2583
51000000	99000000	5332.975
52000000	99000000	6217.0576
53000000	99000000	5967.472
54000000	99000000	4392.6353
55000000	99000000	5604.5186
56000000	99000000	6114.672
57000000	99000000	5608.8545
58000000	99000000	4473.127
59000000	99000000	4437.0767
60000000	99000000	4702.146
61000000	99000000	4537.2886
62000000	99000000	4842.282
63000000	99000000	3885.0024
64000000	99000000	2510.3662
65000000	99000000	2277.2751
66000000	99000000	2659.0706
67000000	99000000	2885.5286
68000000	99000000	3465.5496
69000000	99000000	3919.9524
70000000	99000000	3852.6443
71000000	99000000	4669.9272
72000000	99000000	4619.4507
73000000	99000000	4683.5425
74000000	99000000	3550.6255
75000000	99000000	2809.6934
76000000	99000000	3798.2388
77000000	99000000	4053.7432
78000000	99000000	4255.992
79000000	99000000	5555.437
80000000	99000000	6743.2007
81000000	99000000	7633.6064
82000000	99000000	7874.422
83000000	99000000	8823.435
84000000	99000000	9517.288
85000000	99000000	12408.728
86000000	99000000	15983.063
87000000	99000000	11625.069
88000000	99000000	16179.219
89000000	99000000	17947.768
90000000	99000000	12131.607
91000000	99000000	14941.792
92000000	99000000	21383.639
93000000	99000000	29151.746
94000000	99000000	34495.754
95000000	99000000	34138.766
96000000	99000000	38939.125
97000000	99000000	34754.742
98000000	99000000	113693.305
99000000	99000000	816480.56
20000000	100000000	3686.1335
21000000	100000000	2908.4895
22000000	100000000	3848.889
23000000	100000000	3647.4412
24000000	100000000	2957.9436
25000000	100000000	3603.75
26000000	100000000	3517.2056
27000000	100000000	3482.0002
28000000	100000000	4111.2637
29000000	100000000	4524.002
30000000	100000000	3911.773
31000000	100000000	4158.925
32000000	100000000	4003.3035
33000000	100000000	4141.966
34000000	100000000	4245.6
35000000	100000000	3999.4106
36000000	100000000	3337.6665
37000000	100000000	3642.9595
38000000	100000000	3976.2212
39000000	100000000	4191.1387
40000000	100000000	3595.1335
41000000	100000000	2580.9094
42000000	100000000	2359.0994
43000000	100000000	2513.902
44000000	100000000	3701.144
45000000	100000000	5380.0
46000000	100000000	5028.849
47000000	100000000	4448.884
48000000	100000000	4842.1147
49000000	100000000	4467.35
50000000	100000000	4408.4473
51000000	100000000	4961.03
52000000	100000000	5194.5254
53000000	100000000	5525.8867
54000000	100000000	4501.8867
55000000	100000000	5239.0635
56000000	100000000	5565.667
57000000	100000000	5146.375
58000000	100000000	4711.061
59000000	100000000	4121.951
60000000	100000000	4597.7573
61000000	100000000	4853.428
62000000	100000000	5262.2275
63000000	100000000	3830.5757
64000000	100000000	2744.77
65000000	100000000	2408.0742
66000000	100000000	2792.5154
67000000	100000000	2972.3447
68000000	100000000	3677.753
69000000	100000000	4118.471
70000000	100000000	4067.8032
71000000	100000000	5399.5083
72000000	100000000	4453.249
73000000	100000000	4750.797
74000000	100000000	3618.6685
75000000	100000000	2954.5256
76000000	100000000	4124.0073
77000000	100000000	4313.878
78000000	100000000	4431.6426
79000000	100000000	6134.79
80000000	100000000	7236.08
81000000	100000000	7774.1655
82000000	100000000	8070.8735
83000000	100000000	8589.64
84000000	100000000	9997.253
85000000	100000000	10488.554
86000000	100000000	12841.179
87000000	100000000	14573.553
88000000	100000000	15778.028
89000000	100000000	14401.219
90000000	100000000	11146.558
91000000	100000000	13272.099
92000000	100000000	18593.965
93000000	100000000	21199.652
94000000	100000000	23582.348
95000000	100000000	24418.982
96000000	100000000	26221.596
97000000	100000000	27636.129
98000000	100000000	53048.902
99000000	100000000	260022.0
100000000	100000000	793219.5
20000000	101000000	3023.9229
21000000	101000000	2991.939
22000000	101000000	4273.1064
23000000	101000000	3657.169
24000000	101000000	1798.4355
25000000	101000000	2824.767
26000000	101000000	2438.1277
27000000	101000000	1935.9003
28000000	101000000	3927.9792
29000000	101000000	4266.317
30000000	101000000	3540.6758
31000000	101000000	4716.5376
32000000	101000000	3918.301
33000000	101000000	4042.1274
34000000	101000000	4514.974
35000000	101000000	3886.9036
36000000	101000000	2732.911
37000000	101000000	3116.9355
38000000	101000000	4137.6235
39000000	101000000	4058.134
40000000	101000000	4240.9663
41000000	101000000	2969.3203
42000000	101000000	2862.2595
43000000	101000000	2981.934
44000000	101000000	4083.1396
45000000	101000000	6048.7466
46000000	101000000	3204.9778
47000000	101000000	2913.0813
48000000	101000000	4687.981
49000000	101000000	4342.9824
50000000	101000000	4260.0757
51000000	101000000	5142.7393
52000000	101000000	5749.8174
53000000	101000000	4702.6626
54000000	101000000	3745.7927
55000000	101000000	4758.2983
56000000	101000000	4991.4937
57000000	101000000	5078.8325
58000000	101000000	4571.511
59000000	101000000	4537.354
60000000	101000000	4768.7007
61000000	101000000	4643.5186
62000000	101000000	5296.986
63000000	101000000	4564.956
64000000	101000000	3109.8186
65000000	101000000	3061.9514
66000000	101000000	3517.0728
67000000	101000000	3441.64
68000000	101000000	4215.6465
69000000	101000000	4730.7227
70000000	101000000	4524.6353
71000000	101000000	4972.2144
72000000	101000000	5313.646
73000000	101000000	5238.162
74000000	101000000	4768.19
75000000	101000000	3832.167
76000000	101000000	4548.6543
77000000	101000000	4847.429
78000000	101000000	5644.1016
79000000	101000000	7036.905
80000000	101000000	7614.9175
81000000	101000000	8153.6733
82000000	101000000	7917.8467
83000000	101000000	9491.295
84000000	101000000	9341.999
85000000	101000000	11369.141
86000000	101000000	11643.709
87000000	101000000	8774.068
88000000	101000000	11767.065
89000000	101000000	16065.047
90000000	101000000	12334.837
91000000	101000000	14626.688
92000000	101000000	16465.85
93000000	101000000	19557.697
94000000	101000000	17741.535
95000000	101000000	15401.997
96000000	101000000	18891.8
97000000	101000000	15776.656
98000000	101000000	25025.996
99000000	101000000	57128.426
100000000	101000000	158688.61
101000000	101000000	830330.75
20000000	102000000	3312.86
21000000	102000000	2957.568
22000000	102000000	4500.1753
23000000	102000000	3489.172
24000000	102000000	2031.4396
25000000	102000000	3033.4324
26000000	102000000	2686.1016
27000000	102000000	2330.6658
28000000	102000000	4134.348
29000000	102000000	4773.215
30000000	102000000	3676.6313
31000000	102000000	3731.2415
32000000	102000000	3798.6914
33000000	102000000	4163.055
34000000	102000000	4008.743
35000000	102000000	3540.9204
36000000	102000000	2761.103
37000000	102000000	2792.5103
38000000	102000000	3484.1428
39000000	102000000	3955.8516
40000000	102000000	2962.3442
41000000	102000000	2330.142
42000000	102000000	2370.3787
43000000	102000000	2397.2932
44000000	102000000	3318.6455
45000000	102000000	4757.903
46000000	102000000	3495.1045
47000000	102000000	3084.1443
48000000	102000000	4198.954
49000000	102000000	3773.4966
50000000	102000000	3539.0999
51000000	102000000	4231.017
52000000	102000000	3913.7327
53000000	102000000	4954.1523
54000000	102000000	3023.5496
55000000	102000000	4067.1758
56000000	102000000	4293.763
57000000	102000000	4156.1704
58000000	102000000	4110.685
59000000	102000000	3130.007
60000000	102000000	4700.7515
61000000	102000000	4676.299
62000000	102000000	5332.3003
63000000	102000000	3999.6145
64000000	102000000	1975.1791
65000000	102000000	2575.653
66000000	102000000	2997.502
67000000	102000000	3075.6223
68000000	102000000	3786.4382
69000000	102000000	4426.3354
70000000	102000000	3834.6892
71000000	102000000	5365.8975
72000000	102000000	4578.4575
73000000	102000000	5559.998
74000000	102000000	4262.591
75000000	102000000	2965.783
76000000	102000000	4365.4805
77000000	102000000	4211.965
78000000	102000000	4839.8193
79000000	102000000	6662.4243
80000000	102000000	6974.761
81000000	102000000	7435.7476
82000000	102000000	7143.407
83000000	102000000	8014.35
84000000	102000000	8265.327
85000000	102000000	7791.5933
86000000	102000000	9334.39
87000000	102000000	8568.963
88000000	102000000	11330.344
89000000	102000000	12947.209
90000000	102000000	9226.86
91000000	102000000	10305.303
92000000	102000000	15185.553
93000000	102000000	16034.133
94000000	102000000	15496.883
95000000	102000000	12965.129
96000000	102000000	12321.459
97000000	102000000	13418.325
98000000	102000000	20738.332
99000000	102000000	33123.895
100000000	102000000	68864.64
101000000	102000000	303498.12
102000000	102000000	1010914.56
