16000000	16000000	1656026.6
16000000	17000000	162346.81
17000000	17000000	1194505.0
16000000	18000000	18670.28
17000000	18000000	236628.28
18000000	18000000	1128359.0
16000000	19000000	8632.511
17000000	19000000	31841.438
18000000	19000000	143516.77
19000000	19000000	1082388.5
16000000	20000000	5861.926
17000000	20000000	19838.076
18000000	20000000	59459.707
19000000	20000000	239330.42
20000000	20000000	998426.6
16000000	21000000	4895.5317
17000000	21000000	16463.84
18000000	21000000	51752.23
19000000	21000000	75667.61
20000000	21000000	290277.34
21000000	21000000	1038297.7
16000000	22000000	3757.1555
17000000	22000000	10420.225
18000000	22000000	19977.48
19000000	22000000	33111.45
20000000	22000000	56479.133
21000000	22000000	166166.95
22000000	22000000	1152385.0
16000000	23000000	3598.9688
17000000	23000000	9859.5
18000000	23000000	18240.9
19000000	23000000	30600.156
20000000	23000000	37676.582
21000000	23000000	59392.61
22000000	23000000	279698.28
23000000	23000000	1096588.2
16000000	24000000	3118.3574
17000000	24000000	12338.546
18000000	24000000	22849.502
19000000	24000000	35197.4
20000000	24000000	40506.777
21000000	24000000	51446.062
22000000	24000000	73461.016
23000000	24000000	215057.11
24000000	24000000	1133130.5
16000000	25000000	7110.191
17000000	25000000	21154.773
18000000	25000000	26821.418
19000000	25000000	33328.902
20000000	25000000	24902.244
21000000	25000000	27702.873
22000000	25000000	25937.113
23000000	25000000	49381.707
24000000	25000000	123723.4
25000000	25000000	940449.8
16000000	26000000	7572.621
17000000	26000000	21258.42
18000000	26000000	23181.266
19000000	26000000	23478.082
20000000	26000000	17692.148
21000000	26000000	18002.19
22000000	26000000	16208.062
23000000	26000000	23631.93
24000000	26000000	39461.41
25000000	26000000	318988.62
26000000	26000000	897866.94
16000000	27000000	16295.761
17000000	27000000	24001.553
18000000	27000000	18114.176
19000000	27000000	18039.65
20000000	27000000	12069.863
21000000	27000000	11798.003
22000000	27000000	9403.921
23000000	27000000	14623.992
24000000	27000000	18851.137
25000000	27000000	75602.055
26000000	27000000	225562.77
27000000	27000000	929642.56
16000000	28000000	11811.768
17000000	28000000	22202.467
18000000	28000000	17831.598
19000000	28000000	17654.54
20000000	28000000	11334.129
21000000	28000000	11392.359
22000000	28000000	9152.229
23000000	28000000	13320.478
24000000	28000000	16681.717
25000000	28000000	58676.81
26000000	28000000	93514.95
27000000	28000000	311930.94
28000000	28000000	923518.75
16000000	29000000	3405.0854
17000000	29000000	14398.019
18000000	29000000	19790.99
19000000	29000000	19629.443
20000000	29000000	17139.6
21000000	29000000	16927.396
22000000	29000000	15998.959
23000000	29000000	16244.198
24000000	29000000	28155.896
25000000	29000000	35576.64
26000000	29000000	47589.613
27000000	29000000	54179.14
28000000	29000000	199993.75
29000000	29000000	1032385.1
16000000	30000000	2567.9807
17000000	30000000	9453.304
18000000	30000000	14944.227
19000000	30000000	20147.234
20000000	30000000	19252.693
21000000	30000000	18761.941
22000000	30000000	16558.72
23000000	30000000	17003.986
24000000	30000000	24752.258
25000000	30000000	23980.531
26000000	30000000	24183.602
27000000	30000000	21574.521
28000000	30000000	35850.234
29000000	30000000	201146.73
30000000	30000000	1098846.0
16000000	31000000	2917.532
17000000	31000000	10644.367
18000000	31000000	16393.5
19000000	31000000	19734.064
20000000	31000000	18291.434
21000000	31000000	18253.475
22000000	31000000	15130.352
23000000	31000000	14793.034
24000000	31000000	22564.129
25000000	31000000	21224.723
26000000	31000000	21435.326
27000000	31000000	18280.229
28000000	31000000	25299.13
29000000	31000000	64612.99
30000000	31000000	228144.69
31000000	31000000	1047245.2
16000000	32000000	4803.3325
17000000	32000000	17766.436
18000000	32000000	19803.42
19000000	32000000	19098.09
20000000	32000000	13517.722
21000000	32000000	12750.422
22000000	32000000	9888.913
23000000	32000000	11114.742
24000000	32000000	16472.025
25000000	32000000	25386.164
26000000	32000000	27100.357
27000000	32000000	29014.246
28000000	32000000	37154.01
29000000	32000000	43537.65
30000000	32000000	49790.6
31000000	32000000	208943.31
32000000	32000000	995898.2
16000000	33000000	10104.162
17000000	33000000	22413.559
18000000	33000000	15950.543
19000000	33000000	11831.213
20000000	33000000	7829.963
21000000	33000000	7430.6245
22000000	33000000	5940.868
23000000	33000000	7670.5273
24000000	33000000	8634.789
25000000	33000000	21828.336
26000000	33000000	23801.412
27000000	33000000	33457.625
28000000	33000000	36855.027
29000000	33000000	22223.326
30000000	33000000	19830.33
31000000	33000000	31445.113
32000000	33000000	182515.4
33000000	33000000	910562.1
16000000	34000000	20732.002
17000000	34000000	19421.352
18000000	34000000	10395.233
19000000	34000000	8126.1123
20000000	34000000	5593.785
21000000	34000000	5498.9097
22000000	34000000	4887.3184
23000000	34000000	5900.1963
24000000	34000000	6331.588
25000000	34000000	15667.775
26000000	34000000	16801.9
27000000	34000000	30099.463
28000000	34000000	27298.047
29000000	34000000	13678.003
30000000	34000000	12074.4375
31000000	34000000	17183.375
32000000	34000000	50891.543
33000000	34000000	308246.88
34000000	34000000	973029.56
16000000	35000000	8816.87
17000000	35000000	19632.068
18000000	35000000	15924.709
19000000	35000000	11942.693
20000000	35000000	8713.004
21000000	35000000	7888.0586
22000000	35000000	6747.7153
23000000	35000000	7851.038
24000000	35000000	10125.188
25000000	35000000	17258.633
26000000	35000000	18206.598
27000000	35000000	22391.605
28000000	35000000	22707.963
29000000	35000000	18806.713
30000000	35000000	16055.819
31000000	35000000	23205.328
32000000	35000000	49322.03
33000000	35000000	141484.77
34000000	35000000	281459.03
35000000	35000000	902820.2
16000000	36000000	2714.4004
17000000	36000000	11493.393
18000000	36000000	15016.1455
19000000	36000000	15776.571
20000000	36000000	13103.543
21000000	36000000	12624.759
22000000	36000000	10736.342
23000000	36000000	11632.56
24000000	36000000	15103.2295
25000000	36000000	16943.078
26000000	36000000	15433.956
27000000	36000000	12700.125
28000000	36000000	14880.947
29000000	36000000	20333.307
30000000	36000000	22604.533
31000000	36000000	29690.283
32000000	36000000	39441.86
33000000	36000000	42084.93
34000000	36000000	41405.94
35000000	36000000	210215.44
36000000	36000000	1052363.8
16000000	37000000	1634.8098
17000000	37000000	6153.743
18000000	37000000	10235.334
19000000	37000000	14162.161
20000000	37000000	14266.07
21000000	37000000	13669.056
22000000	37000000	12536.252
23000000	37000000	12979.861
24000000	37000000	15003.575
25000000	37000000	12050.935
26000000	37000000	10576.005
27000000	37000000	7936.21
28000000	37000000	8381.432
29000000	37000000	15349.829
30000000	37000000	19871.902
31000000	37000000	23640.053
32000000	37000000	21235.285
33000000	37000000	16510.684
34000000	37000000	14996.382
35000000	37000000	36216.676
36000000	37000000	182173.42
37000000	37000000	1163556.2
16000000	38000000	1217.7361
17000000	38000000	3928.6797
18000000	38000000	6618.375
19000000	38000000	9816.07
20000000	38000000	12102.788
21000000	38000000	12630.918
22000000	38000000	12072.338
23000000	38000000	9833.9
24000000	38000000	12815.989
25000000	38000000	6596.668
26000000	38000000	5965.3447
27000000	38000000	4245.726
28000000	38000000	4616.4155
29000000	38000000	11385.255
30000000	38000000	14723.328
31000000	38000000	16476.402
32000000	38000000	11582.116
33000000	38000000	7451.8936
34000000	38000000	6853.896
35000000	38000000	14380.528
36000000	38000000	38481.367
37000000	38000000	173065.86
38000000	38000000	1231105.5
16000000	39000000	964.66156
17000000	39000000	3297.6067
18000000	39000000	5345.458
19000000	39000000	7108.6694
20000000	39000000	8537.639
21000000	39000000	9392.74
22000000	39000000	9333.252
23000000	39000000	7961.528
24000000	39000000	9882.908
25000000	39000000	5299.523
26000000	39000000	4953.3394
27000000	39000000	3506.695
28000000	39000000	3720.353
29000000	39000000	8783.928
30000000	39000000	10895.945
31000000	39000000	11792.28
32000000	39000000	8370.189
33000000	39000000	5874.8887
34000000	39000000	5151.1055
35000000	39000000	10303.245
36000000	39000000	22227.154
37000000	39000000	48048.473
38000000	39000000	210419.86
39000000	39000000	1166289.0
16000000	40000000	1057.6179
17000000	40000000	3183.8738
18000000	40000000	5164.7563
19000000	40000000	6580.1875
20000000	40000000	7250.694
21000000	40000000	8436.353
22000000	40000000	9153.712
23000000	40000000	7869.7617
24000000	40000000	8853.704
25000000	40000000	5972.9443
26000000	40000000	5096.2144
27000000	40000000	3884.2651
28000000	40000000	4284.602
29000000	40000000	8206.337
30000000	40000000	10039.341
31000000	40000000	10766.111
32000000	40000000	8376.849
33000000	40000000	6363.482
34000000	40000000	5518.326
35000000	40000000	9208.177
36000000	40000000	16611.996
37000000	40000000	27260.406
38000000	40000000	48572.73
39000000	40000000	276067.94
40000000	40000000	1161373.1
16000000	41000000	1172.0236
17000000	41000000	2883.4045
18000000	41000000	5016.497
19000000	41000000	6812.1353
20000000	41000000	8421.994
21000000	41000000	9605.045
22000000	41000000	9485.589
23000000	41000000	7232.044
24000000	41000000	9956.971
25000000	41000000	4650.796
26000000	41000000	4347.1113
27000000	41000000	2969.7913
28000000	41000000	3366.7974
29000000	41000000	8792.284
30000000	41000000	10322.725
31000000	41000000	11811.416
32000000	41000000	8025.516
33000000	41000000	4488.74
34000000	41000000	3985.8958
35000000	41000000	7192.296
36000000	41000000	14858.42
37000000	41000000	24164.291
38000000	41000000	47524.996
39000000	41000000	80375.26
40000000	41000000	274018.78
41000000	41000000	1215855.0
16000000	42000000	997.5497
17000000	42000000	3465.1406
18000000	42000000	6250.7383
19000000	42000000	8199.802
20000000	42000000	10129.256
21000000	42000000	10421.499
22000000	42000000	10943.458
23000000	42000000	8826.145
24000000	42000000	11549.544
25000000	42000000	5620.5693
26000000	42000000	5127.903
27000000	42000000	3286.2695
28000000	42000000	3628.3914
29000000	42000000	9985.772
30000000	42000000	11465.356
31000000	42000000	12924.443
32000000	42000000	8476.982
33000000	42000000	5020.6235
34000000	42000000	4282.212
35000000	42000000	8151.6597
36000000	42000000	16353.903
37000000	42000000	26774.52
38000000	42000000	36254.273
39000000	42000000	38117.094
40000000	42000000	40468.207
41000000	42000000	175305.67
42000000	42000000	1325959.0
16000000	43000000	2084.572
17000000	43000000	7259.1846
18000000	43000000	10924.779
19000000	43000000	14213.523
20000000	43000000	12802.846
21000000	43000000	12408.0205
22000000	43000000	11202.785
23000000	43000000	11113.769
24000000	43000000	13600.82
25000000	43000000	13225.56
26000000	43000000	11460.558
27000000	43000000	9908.731
28000000	43000000	10288.512
29000000	43000000	13582.781
30000000	43000000	14489.261
31000000	43000000	15539.579
32000000	43000000	15646.781
33000000	43000000	12445.866
34000000	43000000	9811.041
35000000	43000000	15138.119
36000000	43000000	23004.268
37000000	43000000	28427.752
38000000	43000000	23742.895
39000000	43000000	22165.652
40000000	43000000	24436.783
41000000	43000000	36710.914
42000000	43000000	158537.58
43000000	43000000	1076828.6
16000000	44000000	3712.5042
17000000	44000000	10653.883
18000000	44000000	12702.369
19000000	44000000	16104.903
20000000	44000000	11521.175
21000000	44000000	11133.646
22000000	44000000	8067.8335
23000000	44000000	10712.178
24000000	44000000	10685.256
25000000	44000000	18226.135
26000000	44000000	15142.909
27000000	44000000	16392.271
28000000	44000000	16205.849
29000000	44000000	12455.829
30000000	44000000	12973.162
31000000	44000000	14019.055
32000000	44000000	19271.02
33000000	44000000	18979.268
34000000	44000000	15001.834
35000000	44000000	19189.078
36000000	44000000	22636.615
37000000	44000000	22466.586
38000000	44000000	13425.524
39000000	44000000	12421.685
40000000	44000000	14353.45
41000000	44000000	14679.72
42000000	44000000	26890.389
43000000	44000000	237084.61
44000000	44000000	1019558.9
16000000	45000000	4166.5205
17000000	45000000	11978.803
18000000	45000000	14289.543
19000000	45000000	16578.812
20000000	45000000	12183.199
21000000	45000000	11098.526
22000000	45000000	7852.028
23000000	45000000	9859.704
24000000	45000000	10748.444
25000000	45000000	17973.607
26000000	45000000	15414.565
27000000	45000000	15954.619
28000000	45000000	15851.279
29000000	45000000	12827.75
30000000	45000000	12780.495
31000000	45000000	14335.526
32000000	45000000	19004.625
33000000	45000000	18432.314
34000000	45000000	14216.753
35000000	45000000	18783.307
36000000	45000000	21767.605
37000000	45000000	19562.6
38000000	45000000	11800.022
39000000	45000000	10710.727
40000000	45000000	11655.428
41000000	45000000	11369.241
42000000	45000000	18589.701
43000000	45000000	84879.805
44000000	45000000	241349.77
45000000	45000000	962803.25
16000000	46000000	3021.7563
17000000	46000000	13956.876
18000000	46000000	17437.566
19000000	46000000	16719.982
20000000	46000000	13031.335
21000000	46000000	11405.737
22000000	46000000	8756.065
23000000	46000000	9294.23
24000000	46000000	12599.439
25000000	46000000	14549.05
26000000	46000000	13476.344
27000000	46000000	11255.454
28000000	46000000	11591.566
29000000	46000000	14271.295
30000000	46000000	13554.455
31000000	46000000	14964.065
32000000	46000000	17838.219
33000000	46000000	14691.92
34000000	46000000	10787.567
35000000	46000000	17452.56
36000000	46000000	20757.441
37000000	46000000	17315.904
38000000	46000000	12194.819
39000000	46000000	10007.307
40000000	46000000	10048.932
41000000	46000000	11166.451
42000000	46000000	16370.244
43000000	46000000	40318.94
44000000	46000000	60233.36
45000000	46000000	241383.03
46000000	46000000	1023160.2
16000000	47000000	14388.593
17000000	47000000	23822.969
18000000	47000000	15798.388
19000000	47000000	12139.974
20000000	47000000	8382.805
21000000	47000000	6908.7393
22000000	47000000	5315.613
23000000	47000000	5774.3926
24000000	47000000	7427.334
25000000	47000000	13317.795
26000000	47000000	14069.461
27000000	47000000	18988.082
28000000	47000000	16756.072
29000000	47000000	10891.258
30000000	47000000	8715.299
31000000	47000000	10177.187
32000000	47000000	17291.041
33000000	47000000	22177.605
34000000	47000000	22851.59
35000000	47000000	22685.213
36000000	47000000	15201.557
37000000	47000000	9698.352
38000000	47000000	6234.8257
39000000	47000000	5361.2236
40000000	47000000	5530.376
41000000	47000000	5819.579
42000000	47000000	7765.4683
43000000	47000000	19724.78
44000000	47000000	31268.168
45000000	47000000	54383.555
46000000	47000000	201674.31
47000000	47000000	863178.9
16000000	48000000	23970.725
17000000	48000000	22207.723
18000000	48000000	9149.587
19000000	48000000	6411.896
20000000	48000000	3952.3772
21000000	48000000	3285.509
22000000	48000000	2346.5632
23000000	48000000	3083.53
24000000	48000000	3100.675
25000000	48000000	9423.674
26000000	48000000	10483.308
27000000	48000000	20412.861
28000000	48000000	15542.076
29000000	48000000	6308.3784
30000000	48000000	4307.9316
31000000	48000000	5509.573
32000000	48000000	11118.528
33000000	48000000	21050.742
34000000	48000000	30144.457
35000000	48000000	20974.898
36000000	48000000	8668.327
37000000	48000000	5349.121
38000000	48000000	3227.416
39000000	48000000	3077.615
40000000	48000000	3375.455
41000000	48000000	3107.958
42000000	48000000	3930.389
43000000	48000000	11078.636
44000000	48000000	20813.664
45000000	48000000	29392.928
46000000	48000000	42909.55
47000000	48000000	307931.44
48000000	48000000	1012305.7
16000000	49000000	31866.742
17000000	49000000	20108.594
18000000	49000000	8272.867
19000000	49000000	6618.435
20000000	49000000	4039.7976
21000000	49000000	3340.36
22000000	49000000	2053.2092
23000000	49000000	3034.069
24000000	49000000	2890.482
25000000	49000000	9792.22
26000000	49000000	10533.073
27000000	49000000	22647.459
28000000	49000000	16457.066
29000000	49000000	5512.279
30000000	49000000	4308.5186
31000000	49000000	5266.9263
32000000	49000000	11253.015
33000000	49000000	20594.992
34000000	49000000	31158.977
35000000	49000000	19672.984
36000000	49000000	8442.966
37000000	49000000	5144.5767
38000000	49000000	3101.6516
39000000	49000000	2688.0034
40000000	49000000	3088.597
41000000	49000000	2836.4773
42000000	49000000	3380.1094
43000000	49000000	10749.825
44000000	49000000	20360.066
45000000	49000000	26542.623
46000000	49000000	29869.99
47000000	49000000	167909.95
48000000	49000000	301276.94
49000000	49000000	1071435.1
16000000	50000000	4391.687
17000000	50000000	14319.202
18000000	50000000	14661.544
19000000	50000000	13553.313
20000000	50000000	11127.888
21000000	50000000	9454.55
22000000	50000000	7334.622
23000000	50000000	6790.6777
24000000	50000000	10050.868
25000000	50000000	9501.241
26000000	50000000	10078.728
27000000	50000000	9335.015
28000000	50000000	8784.93
29000000	50000000	12202.146
30000000	50000000	10332.9375
31000000	50000000	12586.51
32000000	50000000	13724.35
33000000	50000000	11255.302
34000000	50000000	9259.867
35000000	50000000	14921.072
36000000	50000000	16117.978
37000000	50000000	13262.335
38000000	50000000	10839.7705
39000000	50000000	8815.153
40000000	50000000	6584.883
41000000	50000000	8691.363
42000000	50000000	11814.662
43000000	50000000	17022.008
44000000	50000000	19520.596
45000000	50000000	26158.316
46000000	50000000	43488.86
47000000	50000000	62980.27
48000000	50000000	57507.98
49000000	50000000	140966.33
50000000	50000000	1003406.3
16000000	51000000	3315.8445
17000000	51000000	8422.59
18000000	51000000	8234.61
19000000	51000000	9630.757
20000000	51000000	8677.244
21000000	51000000	7142.365
22000000	51000000	5223.2695
23000000	51000000	5477.005
24000000	51000000	6595.4595
25000000	51000000	5877.051
26000000	51000000	6026.7734
27000000	51000000	5367.097
28000000	51000000	5186.7017
29000000	51000000	7415.908
30000000	51000000	7418.587
31000000	51000000	8483.054
32000000	51000000	8298.7295
33000000	51000000	6244.5215
34000000	51000000	4981.1724
35000000	51000000	7878.8
36000000	51000000	10121.53
37000000	51000000	10046.932
38000000	51000000	8418.269
39000000	51000000	6455.75
40000000	51000000	5009.9233
41000000	51000000	6701.049
42000000	51000000	8459.583
43000000	51000000	11863.6
44000000	51000000	13510.641
45000000	51000000	17044.713
46000000	51000000	22168.73
47000000	51000000	21181.535
48000000	51000000	16985.738
49000000	51000000	26508.422
50000000	51000000	402880.06
51000000	51000000	1340469.9
