0	0	1167295.8
0	1000000	223431.95
1000000	1000000	1014301.56
0	2000000	79916.85
1000000	2000000	263380.66
2000000	2000000	987780.5
0	3000000	42676.402
1000000	3000000	59313.8
2000000	3000000	204419.56
3000000	3000000	1029331.25
0	4000000	30249.445
1000000	4000000	34948.0
2000000	4000000	52019.79
3000000	4000000	212656.25
4000000	4000000	940591.0
0	5000000	22062.809
1000000	5000000	23924.098
2000000	5000000	28141.535
3000000	5000000	54081.297
4000000	5000000	228898.69
5000000	5000000	988665.56
0	6000000	13888.848
1000000	6000000	13652.459
2000000	6000000	14311.49
3000000	6000000	18368.959
4000000	6000000	43617.836
5000000	6000000	150166.42
6000000	6000000	856943.94
0	7000000	11023.165
1000000	7000000	10025.268
2000000	7000000	10523.888
3000000	7000000	11993.911
4000000	7000000	26036.984
5000000	7000000	45512.55
6000000	7000000	302738.62
7000000	7000000	854988.94
0	8000000	11131.475
1000000	8000000	10275.008
2000000	8000000	10291.845
3000000	8000000	11920.523
4000000	8000000	23898.574
5000000	8000000	38247.15
6000000	8000000	94081.91
7000000	8000000	209280.39
8000000	8000000	894580.56
0	9000000	10006.112
1000000	9000000	8609.278
2000000	9000000	8799.609
3000000	9000000	9071.069
4000000	9000000	17442.998
5000000	9000000	22130.863
6000000	9000000	45504.688
7000000	9000000	68655.3
8000000	9000000	184038.94
9000000	9000000	826247.0
0	10000000	9367.45
1000000	10000000	8717.594
2000000	10000000	8243.243
3000000	10000000	9672.975
4000000	10000000	15307.154
5000000	10000000	21775.848
6000000	10000000	30819.486
7000000	10000000	34054.527
8000000	10000000	56552.383
9000000	10000000	215617.4
10000000	10000000	798529.0
0	11000000	7660.3667
1000000	11000000	7145.4727
2000000	11000000	6332.8154
3000000	11000000	7380.3486
4000000	11000000	11363.526
5000000	11000000	15014.334
6000000	11000000	29168.123
7000000	11000000	33595.266
8000000	11000000	42324.344
9000000	11000000	102122.93
10000000	11000000	329404.38
11000000	11000000	795151.3
0	12000000	6828.496
1000000	12000000	5353.945
2000000	12000000	5257.2773
3000000	12000000	4781.006
4000000	12000000	9579.541
5000000	12000000	9349.534
6000000	12000000	27737.832
7000000	12000000	39958.03
8000000	12000000	39744.14
9000000	12000000	74490.19
10000000	12000000	73131.66
11000000	12000000	214248.52
12000000	12000000	872965.6
0	13000000	9293.803
1000000	13000000	8235.796
2000000	13000000	7832.406
3000000	13000000	9373.339
4000000	13000000	13757.401
5000000	13000000	18115.432
6000000	13000000	26031.75
7000000	13000000	27440.572
8000000	13000000	34400.18
9000000	13000000	47244.26
10000000	13000000	55729.46
11000000	13000000	70360.445
12000000	13000000	174225.12
13000000	13000000	870194.5
0	14000000	7001.394
1000000	14000000	6578.829
2000000	14000000	6216.1655
3000000	14000000	7111.414
4000000	14000000	10520.068
5000000	14000000	12238.279
6000000	14000000	19569.643
7000000	14000000	20793.316
8000000	14000000	23120.068
9000000	14000000	26148.453
10000000	14000000	25057.477
11000000	14000000	29181.715
12000000	14000000	46539.04
13000000	14000000	125343.67
14000000	14000000	862577.7
0	15000000	6707.2017
1000000	15000000	6540.596
2000000	15000000	6022.691
3000000	15000000	6909.2607
4000000	15000000	10126.66
5000000	15000000	11813.5
6000000	15000000	15619.876
7000000	15000000	17273.236
8000000	15000000	19767.332
9000000	15000000	21770.334
10000000	15000000	20465.045
11000000	15000000	21924.379
12000000	15000000	32149.82
13000000	15000000	65974.72
14000000	15000000	335309.6
15000000	15000000	778054.9
0	16000000	7786.878
1000000	16000000	7250.571
2000000	16000000	6794.095
3000000	16000000	7366.43
4000000	16000000	11771.171
5000000	16000000	12408.2705
6000000	16000000	18470.404
7000000	16000000	19084.684
8000000	16000000	21505.783
9000000	16000000	23795.46
10000000	16000000	20681.506
11000000	16000000	22416.152
12000000	16000000	34290.516
13000000	16000000	60793.555
14000000	16000000	123218.86
15000000	16000000	289507.84
16000000	16000000	766685.25
0	17000000	9818.549
1000000	17000000	8858.883
2000000	17000000	9051.488
3000000	17000000	10201.927
4000000	17000000	13422.044
5000000	17000000	15229.851
6000000	17000000	16167.973
7000000	17000000	15332.555
8000000	17000000	17482.945
9000000	17000000	19713.64
10000000	17000000	17602.328
11000000	17000000	15855.211
12000000	17000000	23129.22
13000000	17000000	37621.89
14000000	17000000	41120.586
15000000	17000000	52170.94
16000000	17000000	153132.22
17000000	17000000	865831.5
0	18000000	10767.746
1000000	18000000	10249.906
2000000	18000000	10399.001
3000000	18000000	12102.528
4000000	18000000	14173.747
5000000	18000000	16144.719
6000000	18000000	13429.074
7000000	18000000	11290.622
8000000	18000000	13653.549
9000000	18000000	13419.918
10000000	18000000	14319.104
11000000	18000000	12235.7
12000000	18000000	13204.126
13000000	18000000	26878.695
14000000	18000000	24495.8
15000000	18000000	29568.566
16000000	18000000	53316.773
17000000	18000000	208779.97
18000000	18000000	820413.5
0	19000000	9427.314
1000000	19000000	9561.093
2000000	19000000	9015.141
3000000	19000000	8977.207
4000000	19000000	13672.386
5000000	19000000	13073.006
6000000	19000000	14296.896
7000000	19000000	12904.757
8000000	19000000	14749.69
9000000	19000000	15408.654
10000000	19000000	14032.753
11000000	19000000	12524.284
12000000	19000000	15775.253
13000000	19000000	22518.873
14000000	19000000	21913.518
15000000	19000000	24295.342
16000000	19000000	40745.152
17000000	19000000	74189.414
18000000	19000000	270581.9
19000000	19000000	833164.2
0	20000000	9623.847
1000000	20000000	9557.46
2000000	20000000	9231.723
3000000	20000000	10476.078
4000000	20000000	12902.618
5000000	20000000	15115.935
6000000	20000000	14632.225
7000000	20000000	12458.122
8000000	20000000	14998.185
9000000	20000000	14737.487
10000000	20000000	15052.47
11000000	20000000	12491.586
12000000	20000000	13008.354
13000000	20000000	23583.256
14000000	20000000	19462.42
15000000	20000000	20768.21
16000000	20000000	28504.08
17000000	20000000	42700.01
18000000	20000000	64169.812
19000000	20000000	157701.78
20000000	20000000	878305.94
0	21000000	8270.593
1000000	21000000	7264.637
2000000	21000000	6898.4824
3000000	21000000	7127.918
4000000	21000000	10577.428
5000000	21000000	11593.678
6000000	21000000	15899.873
7000000	21000000	16544.21
8000000	21000000	16947.266
9000000	21000000	18727.172
10000000	21000000	15132.523
11000000	21000000	15546.448
12000000	21000000	24206.258
13000000	21000000	23631.672
14000000	21000000	19076.5
15000000	21000000	19943.58
16000000	21000000	28257.064
17000000	21000000	34356.27
18000000	21000000	36424.625
19000000	21000000	58753.23
20000000	21000000	218615.23
21000000	21000000	799988.06
0	22000000	6916.827
1000000	22000000	5736.553
2000000	22000000	5616.3877
3000000	22000000	4928.4663
4000000	22000000	9233.1455
5000000	22000000	8569.401
6000000	22000000	15645.982
7000000	22000000	16948.234
8000000	22000000	17135.92
9000000	22000000	19764.963
10000000	22000000	13667.034
11000000	22000000	15564.942
12000000	22000000	26793.555
13000000	22000000	19432.2
14000000	22000000	16686.717
15000000	22000000	16519.145
16000000	22000000	24359.06
17000000	22000000	26463.14
18000000	22000000	22728.158
19000000	22000000	35596.75
20000000	22000000	51440.55
21000000	22000000	188358.45
22000000	22000000	815471.5
0	23000000	9715.724
1000000	23000000	8241.58
2000000	23000000	7696.8604
3000000	23000000	7639.698
4000000	23000000	11874.977
5000000	23000000	12237.131
6000000	23000000	14076.542
7000000	23000000	13018.935
8000000	23000000	14685.379
9000000	23000000	16154.503
10000000	23000000	14356.257
11000000	23000000	12479.447
12000000	23000000	16117.526
13000000	23000000	19979.445
14000000	23000000	14281.107
15000000	23000000	15045.413
16000000	23000000	20760.598
17000000	23000000	25806.434
18000000	23000000	24821.078
19000000	23000000	31884.672
20000000	23000000	43385.71
21000000	23000000	69931.41
22000000	23000000	239907.78
23000000	23000000	766497.75
0	24000000	8900.904
1000000	24000000	7478.5894
2000000	24000000	7039.569
3000000	24000000	6351.92
4000000	24000000	11029.286
5000000	24000000	10498.775
6000000	24000000	13264.579
7000000	24000000	12297.513
8000000	24000000	13414.383
9000000	24000000	15438.425
10000000	24000000	12534.633
11000000	24000000	11731.041
12000000	24000000	16817.23
13000000	24000000	16944.006
14000000	24000000	12732.664
15000000	24000000	13288.16
16000000	24000000	18361.596
17000000	24000000	21080.693
18000000	24000000	19082.02
19000000	24000000	25888.275
20000000	24000000	27975.0
21000000	24000000	41430.223
22000000	24000000	68081.16
23000000	24000000	182328.28
24000000	24000000	832779.56
0	25000000	9399.637
1000000	25000000	7740.157
2000000	25000000	7036.4937
3000000	25000000	8014.9976
4000000	25000000	9430.523
5000000	25000000	11923.251
6000000	25000000	11707.801
7000000	25000000	11154.232
8000000	25000000	12664.283
9000000	25000000	12685.04
10000000	25000000	14196.09
11000000	25000000	12972.829
12000000	25000000	13523.745
13000000	25000000	18987.844
14000000	25000000	12356.424
15000000	25000000	12200.935
16000000	25000000	14859.624
17000000	25000000	17601.818
18000000	25000000	18629.578
19000000	25000000	17846.656
20000000	25000000	23411.748
21000000	25000000	29372.783
22000000	25000000	35707.316
23000000	25000000	68684.086
24000000	25000000	217911.03
25000000	25000000	881095.3
0	26000000	3588.0176
1000000	26000000	2464.1091
2000000	26000000	2277.4585
3000000	26000000	1893.564
4000000	26000000	3589.5408
5000000	26000000	3105.0657
6000000	26000000	8352.603
7000000	26000000	10846.215
8000000	26000000	7553.9375
9000000	26000000	8957.286
10000000	26000000	6692.571
11000000	26000000	10922.275
12000000	26000000	20405.37
13000000	26000000	8244.023
14000000	26000000	7709.037
15000000	26000000	6574.624
16000000	26000000	9527.448
17000000	26000000	7998.469
18000000	26000000	6503.683
19000000	26000000	8469.348
20000000	26000000	8042.9487
21000000	26000000	19711.541
22000000	26000000	27690.018
23000000	26000000	24703.863
24000000	26000000	49690.07
25000000	26000000	180969.38
26000000	26000000	1351192.9
0	29000000	4213.6753
1000000	29000000	3106.5222
2000000	29000000	2792.802
3000000	29000000	2221.087
4000000	29000000	4138.7935
5000000	29000000	3537.9014
6000000	29000000	8752.3545
7000000	29000000	10827.361
8000000	29000000	8532.559
9000000	29000000	9643.334
10000000	29000000	7506.131
11000000	29000000	11481.741
12000000	29000000	20955.518
13000000	29000000	9285.654
14000000	29000000	7904.4624
15000000	29000000	7627.7344
16000000	29000000	10111.943
17000000	29000000	8580.151
18000000	29000000	7605.1934
19000000	29000000	10154.6455
20000000	29000000	9034.274
21000000	29000000	19131.688
22000000	29000000	23470.592
23000000	29000000	18438.742
24000000	29000000	22861.805
25000000	29000000	39893.05
26000000	29000000	62323.824
29000000	29000000	1231311.4
0	30000000	9956.301
1000000	30000000	9002.184
2000000	30000000	9283.223
3000000	30000000	11823.699
4000000	30000000	9395.104
5000000	30000000	11944.778
6000000	30000000	6344.0347
7000000	30000000	4758.347
8000000	30000000	6440.603
9000000	30000000	6102.907
10000000	30000000	8366.813
11000000	30000000	6707.569
12000000	30000000	4268.3345
13000000	30000000	10136.607
14000000	30000000	6927.2275
15000000	30000000	6867.4053
16000000	30000000	7457.3994
17000000	30000000	11530.865
18000000	30000000	14238.897
19000000	30000000	10704.443
20000000	30000000	15116.102
21000000	30000000	12191.554
22000000	30000000	9874.594
23000000	30000000	16895.283
24000000	30000000	16282.086
25000000	30000000	24329.963
26000000	30000000	6002.216
29000000	30000000	68429.35
30000000	30000000	953008.44
0	31000000	10574.733
1000000	31000000	10261.846
2000000	31000000	11795.605
3000000	31000000	11940.484
4000000	31000000	9878.123
5000000	31000000	8086.4985
6000000	31000000	3923.8828
7000000	31000000	2978.398
8000000	31000000	3665.3145
9000000	31000000	3597.031
10000000	31000000	4047.315
11000000	31000000	3110.7864
12000000	31000000	2405.1528
13000000	31000000	4897.7485
14000000	31000000	4009.5903
15000000	31000000	4232.385
16000000	31000000	4901.5083
17000000	31000000	7184.663
18000000	31000000	9086.341
19000000	31000000	8401.664
20000000	31000000	9161.208
21000000	31000000	6777.424
22000000	31000000	5919.6675
23000000	31000000	9278.702
24000000	31000000	9602.743
25000000	31000000	9337.589
26000000	31000000	3279.613
29000000	31000000	14126.504
30000000	31000000	229213.08
31000000	31000000	965933.44
0	32000000	8328.243
1000000	32000000	8472.077
2000000	32000000	9808.192
3000000	32000000	11102.261
4000000	32000000	6893.289
5000000	32000000	6370.044
6000000	32000000	2567.3022
7000000	32000000	1827.5684
8000000	32000000	2437.2402
9000000	32000000	2141.1196
10000000	32000000	2813.976
11000000	32000000	2285.8457
12000000	32000000	1349.8785
13000000	32000000	3385.881
14000000	32000000	2914.6968
15000000	32000000	3032.7708
16000000	32000000	3023.9102
17000000	32000000	5053.299
18000000	32000000	6480.268
19000000	32000000	4893.4004
20000000	32000000	6239.79
21000000	32000000	4162.904
22000000	32000000	2952.2139
23000000	32000000	5010.93
24000000	32000000	4385.1353
25000000	32000000	6123.862
26000000	32000000	1612.7169
29000000	32000000	6514.703
30000000	32000000	48485.11
31000000	32000000	174124.17
32000000	32000000	1045926.1
0	33000000	7173.098
1000000	33000000	7343.5435
2000000	33000000	8889.65
3000000	33000000	9795.32
4000000	33000000	5247.264
5000000	33000000	4885.7974
6000000	33000000	1927.9227
7000000	33000000	1426.7716
8000000	33000000	1776.7198
9000000	33000000	1519.5682
10000000	33000000	2068.3025
11000000	33000000	1609.6395
12000000	33000000	1067.0072
13000000	33000000	2504.6545
14000000	33000000	2245.373
15000000	33000000	2191.9502
16000000	33000000	2223.3962
17000000	33000000	3673.2595
18000000	33000000	5002.4204
19000000	33000000	3570.6506
20000000	33000000	4584.7095
21000000	33000000	2997.4436
22000000	33000000	2258.835
23000000	33000000	3348.1218
24000000	33000000	3148.6765
25000000	33000000	4305.2104
26000000	33000000	1373.7925
29000000	33000000	4890.1255
30000000	33000000	28568.557
31000000	33000000	50693.973
32000000	33000000	270278.56
33000000	33000000	1068745.8
0	34000000	7637.4297
1000000	34000000	7268.461
2000000	34000000	9034.054
3000000	34000000	9170.021
4000000	34000000	5220.596
5000000	34000000	4531.7666
6000000	34000000	1761.3826
7000000	34000000	1293.9408
8000000	34000000	1682.896
9000000	34000000	1458.6472
10000000	34000000	1872.4227
11000000	34000000	1510.8752
12000000	34000000	1063.4951
13000000	34000000	2210.4338
14000000	34000000	1911.8271
15000000	34000000	1908.0824
16000000	34000000	2137.7747
17000000	34000000	3466.059
18000000	34000000	4462.8433
19000000	34000000	3582.8198
20000000	34000000	4086.6829
21000000	34000000	2814.5654
22000000	34000000	2249.5957
23000000	34000000	3304.253
24000000	34000000	3092.3086
25000000	34000000	3745.4473
26000000	34000000	1190.5392
29000000	34000000	4261.0967
30000000	34000000	22378.133
31000000	34000000	33925.863
32000000	34000000	59023.17
33000000	34000000	209177.8
34000000	34000000	1087084.6
0	35000000	7411.035
1000000	35000000	7268.396
2000000	35000000	8601.442
3000000	35000000	9505.869
4000000	35000000	5525.4126
5000000	35000000	5471.7266
6000000	35000000	2083.1438
7000000	35000000	1413.3313
8000000	35000000	1770.9556
9000000	35000000	1576.3677
10000000	35000000	2163.1025
11000000	35000000	1823.7301
12000000	35000000	1003.6259
13000000	35000000	2515.1821
14000000	35000000	2329.5776
15000000	35000000	2136.5586
16000000	35000000	2171.5947
17000000	35000000	3889.1956
18000000	35000000	4811.3447
19000000	35000000	3569.1316
20000000	35000000	4505.9883
21000000	35000000	2985.6516
22000000	35000000	2063.4446
23000000	35000000	3407.133
24000000	35000000	2996.7856
25000000	35000000	4068.8838
26000000	35000000	1159.0583
29000000	35000000	3689.6968
30000000	35000000	22811.113
31000000	35000000	29161.176
32000000	35000000	41503.81
33000000	35000000	64806.336
34000000	35000000	240780.28
35000000	35000000	1007502.44
0	36000000	8046.8325
1000000	36000000	8398.482
2000000	36000000	9718.989
3000000	36000000	9638.094
4000000	36000000	7141.4067
5000000	36000000	6090.1665
6000000	36000000	2738.3457
7000000	36000000	2101.9421
8000000	36000000	2546.7166
9000000	36000000	2364.0464
10000000	36000000	2861.5056
11000000	36000000	2210.5894
12000000	36000000	1632.9565
13000000	36000000	3260.4636
14000000	36000000	2890.6714
15000000	36000000	2954.376
16000000	36000000	3331.637
17000000	36000000	5028.7217
18000000	36000000	6237.8726
19000000	36000000	5593.3066
20000000	36000000	6199.9775
21000000	36000000	4223.17
22000000	36000000	3470.5715
23000000	36000000	5253.6772
24000000	36000000	5130.9326
25000000	36000000	5160.9707
26000000	36000000	1448.7526
29000000	36000000	4908.3457
30000000	36000000	21738.852
31000000	36000000	31598.44
32000000	36000000	29060.7
33000000	36000000	33438.613
34000000	36000000	55661.613
35000000	36000000	253300.33
36000000	36000000	1017046.7
0	37000000	8472.992
1000000	37000000	8315.729
2000000	37000000	8528.143
3000000	37000000	8822.549
4000000	37000000	8556.026
5000000	37000000	8051.5625
6000000	37000000	5427.141
7000000	37000000	4253.3477
8000000	37000000	5290.6436
9000000	37000000	5072.2544
10000000	37000000	5437.527
11000000	37000000	4269.125
12000000	37000000	3576.179
13000000	37000000	6740.548
14000000	37000000	5252.026
15000000	37000000	5328.232
16000000	37000000	6190.895
17000000	37000000	8663.444
18000000	37000000	9590.553
19000000	37000000	9223.139
20000000	37000000	10010.736
21000000	37000000	8763.152
22000000	37000000	7699.514
23000000	37000000	10680.717
24000000	37000000	9962.6455
25000000	37000000	9454.866
26000000	37000000	2819.809
29000000	37000000	8433.8125
30000000	37000000	24985.754
31000000	37000000	24238.125
32000000	37000000	19379.516
33000000	37000000	18356.396
34000000	37000000	23546.244
35000000	37000000	42151.098
36000000	37000000	142896.95
37000000	37000000	852778.25
0	38000000	5891.644
1000000	38000000	5708.1665
2000000	38000000	5470.3574
3000000	38000000	4414.6226
4000000	38000000	6944.893
5000000	38000000	5237.3926
6000000	38000000	7791.0664
7000000	38000000	7529.178
8000000	38000000	7199.1245
9000000	38000000	7727.007
10000000	38000000	6076.317
11000000	38000000	6127.9297
12000000	38000000	7808.6865
13000000	38000000	7485.7236
14000000	38000000	7050.5723
15000000	38000000	6527.37
16000000	38000000	8473.216
17000000	38000000	8480.815
18000000	38000000	7644.9404
19000000	38000000	10106.111
20000000	38000000	9162.49
21000000	38000000	10684.259
22000000	38000000	12092.402
23000000	38000000	11823.014
24000000	38000000	12454.448
25000000	38000000	8786.1
26000000	38000000	6512.557
29000000	38000000	16634.54
30000000	38000000	12593.581
31000000	38000000	13868.486
32000000	38000000	8466.948
33000000	38000000	7562.7783
34000000	38000000	9389.823
35000000	38000000	11399.169
36000000	38000000	27622.807
37000000	38000000	196976.16
38000000	38000000	864710.2
0	39000000	6831.1816
1000000	39000000	6439.085
2000000	39000000	6288.0396
3000000	39000000	6264.334
4000000	39000000	7373.666
5000000	39000000	6941.866
6000000	39000000	6161.426
7000000	39000000	5022.7505
8000000	39000000	6027.8115
9000000	39000000	6084.272
10000000	39000000	5594.478
11000000	39000000	4584.592
12000000	39000000	4647.3647
13000000	39000000	6921.9756
14000000	39000000	5357.612
15000000	39000000	5552.347
16000000	39000000	6824.541
17000000	39000000	8441.491
18000000	39000000	8423.319
19000000	39000000	8910.259
20000000	39000000	9613.524
21000000	39000000	9078.742
22000000	39000000	9241.864
23000000	39000000	11744.282
24000000	39000000	11344.04
25000000	39000000	9682.276
26000000	39000000	3425.953
29000000	39000000	10352.233
30000000	39000000	16763.96
31000000	39000000	14933.563
32000000	39000000	10361.17
33000000	39000000	9015.166
34000000	39000000	10387.656
35000000	39000000	13703.577
36000000	39000000	26089.957
37000000	39000000	101591.67
38000000	39000000	229204.58
39000000	39000000	829745.8
0	40000000	6737.6416
1000000	40000000	6470.546
2000000	40000000	5974.0513
3000000	40000000	5422.8457
4000000	40000000	7258.714
5000000	40000000	6014.6357
6000000	40000000	6634.2417
7000000	40000000	6183.3047
8000000	40000000	6451.525
9000000	40000000	6916.3613
10000000	40000000	5620.7275
11000000	40000000	5318.6255
12000000	40000000	6610.5024
13000000	40000000	7468.254
14000000	40000000	5977.3916
15000000	40000000	6096.7017
16000000	40000000	8098.7627
17000000	40000000	9060.847
18000000	40000000	8671.7
19000000	40000000	10075.518
20000000	40000000	9834.552
21000000	40000000	10651.947
22000000	40000000	11563.231
23000000	40000000	13421.1
24000000	40000000	13776.625
25000000	40000000	10227.917
26000000	40000000	5407.9688
29000000	40000000	14291.652
30000000	40000000	14695.773
31000000	40000000	13208.511
32000000	40000000	8297.465
33000000	40000000	7145.1772
34000000	40000000	7944.263
35000000	40000000	9610.656
36000000	40000000	18475.521
37000000	40000000	46716.66
38000000	40000000	73485.664
39000000	40000000	180557.67
40000000	40000000	746022.06
0	41000000	6386.0254
1000000	41000000	5597.0547
2000000	41000000	5444.8774
3000000	41000000	4104.087
4000000	41000000	7012.1606
5000000	41000000	4747.6616
6000000	41000000	7265.061
7000000	41000000	7207.3257
8000000	41000000	6933.4375
9000000	41000000	8108.313
10000000	41000000	5448.819
11000000	41000000	5786.6445
12000000	41000000	9177.304
13000000	41000000	6963.8447
14000000	41000000	5995.6807
15000000	41000000	6150.271
16000000	41000000	8753.681
17000000	41000000	9437.685
18000000	41000000	7514.1655
19000000	41000000	10755.11
20000000	41000000	9230.411
21000000	41000000	12274.207
22000000	41000000	14861.936
23000000	41000000	14293.803
24000000	41000000	16105.447
25000000	41000000	9102.964
26000000	41000000	7973.578
29000000	41000000	20106.488
30000000	41000000	10086.745
31000000	41000000	11427.976
32000000	41000000	5619.097
33000000	41000000	4967.842
34000000	41000000	6171.207
35000000	41000000	6327.8267
36000000	41000000	13962.159
37000000	41000000	34629.098
38000000	41000000	63629.926
39000000	41000000	68917.51
40000000	41000000	278860.3
41000000	41000000	797804.5
0	42000000	7738.728
1000000	42000000	7645.306
2000000	42000000	7644.5806
3000000	42000000	8146.848
4000000	42000000	7142.745
5000000	42000000	7246.721
6000000	42000000	4306.9214
7000000	42000000	3226.3188
8000000	42000000	4167.972
9000000	42000000	3459.8586
10000000	42000000	4301.0957
11000000	42000000	3662.343
12000000	42000000	2306.2817
13000000	42000000	5179.724
14000000	42000000	4180.6914
15000000	42000000	4260.5034
16000000	42000000	4821.292
17000000	42000000	6783.9365
18000000	42000000	7738.065
19000000	42000000	6748.271
20000000	42000000	8015.892
21000000	42000000	6205.3457
22000000	42000000	5029.5195
23000000	42000000	7986.9946
24000000	42000000	7177.904
25000000	42000000	8415.217
26000000	42000000	2066.7131
29000000	42000000	5891.2217
30000000	42000000	17162.818
31000000	42000000	14521.8955
32000000	42000000	11635.257
33000000	42000000	10001.647
34000000	42000000	10944.419
35000000	42000000	13794.226
36000000	42000000	20054.797
37000000	42000000	31970.684
38000000	42000000	24912.67
39000000	42000000	41338.492
40000000	42000000	74218.59
41000000	42000000	110669.93
42000000	42000000	994386.44
0	43000000	9031.868
1000000	43000000	8938.573
2000000	43000000	9429.324
3000000	43000000	9210.134
4000000	43000000	7617.23
5000000	43000000	6962.109
6000000	43000000	3592.6885
7000000	43000000	2669.6794
8000000	43000000	3261.1155
9000000	43000000	2876.0059
10000000	43000000	3486.68
11000000	43000000	2635.0498
12000000	43000000	1989.1309
13000000	43000000	3888.5127
14000000	43000000	3200.2363
15000000	43000000	3313.9165
16000000	43000000	3638.0613
17000000	43000000	5498.7383
18000000	43000000	6737.4097
19000000	43000000	5748.174
20000000	43000000	6532.1216
21000000	43000000	4973.714
22000000	43000000	3803.9556
23000000	43000000	6417.5874
24000000	43000000	5579.416
25000000	43000000	6126.67
26000000	43000000	1663.3325
29000000	43000000	4229.5435
30000000	43000000	15788.057
31000000	43000000	16583.576
32000000	43000000	13783.633
33000000	43000000	12128.632
34000000	43000000	13825.513
35000000	43000000	16528.496
36000000	43000000	21274.35
37000000	43000000	25844.764
38000000	43000000	17687.273
39000000	43000000	26418.447
40000000	43000000	33535.684
41000000	43000000	39185.46
42000000	43000000	184050.64
43000000	43000000	929602.25
0	44000000	9910.928
1000000	44000000	8887.875
2000000	44000000	9771.824
3000000	44000000	8887.267
4000000	44000000	6961.5063
5000000	44000000	5647.0684
6000000	44000000	3104.0542
7000000	44000000	2321.1196
8000000	44000000	2664.1548
9000000	44000000	2635.2957
10000000	44000000	2821.3628
11000000	44000000	2176.7935
12000000	44000000	1911.204
13000000	44000000	3268.3884
14000000	44000000	2649.767
15000000	44000000	2634.4841
16000000	44000000	3157.925
17000000	44000000	4767.1963
18000000	44000000	5540.8247
19000000	44000000	5097.107
20000000	44000000	5293.8555
21000000	44000000	4246.8105
22000000	44000000	3704.553
23000000	44000000	5423.024
24000000	44000000	5035.2856
25000000	44000000	5253.9106
26000000	44000000	1790.5205
29000000	44000000	4414.598
30000000	44000000	12247.215
31000000	44000000	14839.932
32000000	44000000	12200.301
33000000	44000000	11247.016
34000000	44000000	13111.422
35000000	44000000	14223.907
36000000	44000000	17450.486
37000000	44000000	19100.38
38000000	44000000	14867.55
39000000	44000000	18831.195
40000000	44000000	22521.678
41000000	44000000	26375.938
42000000	44000000	46636.57
43000000	44000000	207563.75
44000000	44000000	931916.7
0	45000000	9028.4795
1000000	45000000	8390.278
2000000	45000000	9045.181
3000000	45000000	7289.79
4000000	45000000	7109.246
5000000	45000000	4858.3726
6000000	45000000	3014.1006
7000000	45000000	2529.931
8000000	45000000	2705.86
9000000	45000000	2643.649
10000000	45000000	2659.5107
11000000	45000000	2334.4844
12000000	45000000	2336.1538
13000000	45000000	3023.9075
14000000	45000000	2614.8098
15000000	45000000	2731.5134
16000000	45000000	3275.7812
17000000	45000000	4412.875
18000000	45000000	5241.5156
19000000	45000000	5371.5405
20000000	45000000	5163.8496
21000000	45000000	4554.9927
22000000	45000000	4288.0107
23000000	45000000	5484.022
24000000	45000000	5410.7734
25000000	45000000	4745.5894
26000000	45000000	2160.3823
29000000	45000000	5295.1294
30000000	45000000	9726.325
31000000	45000000	14294.064
32000000	45000000	9980.14
33000000	45000000	9310.731
34000000	45000000	10761.218
35000000	45000000	11122.671
36000000	45000000	15066.443
37000000	45000000	16120.631
38000000	45000000	15260.588
39000000	45000000	15983.186
40000000	45000000	20084.115
41000000	45000000	24765.281
42000000	45000000	28683.8
43000000	45000000	57205.258
44000000	45000000	214860.84
45000000	45000000	862395.44
0	46000000	7046.0386
1000000	46000000	7070.111
2000000	46000000	7296.6943
3000000	46000000	6383.0166
4000000	46000000	5621.807
5000000	46000000	4319.12
6000000	46000000	2210.5803
7000000	46000000	1795.7148
8000000	46000000	2066.437
9000000	46000000	1980.9443
10000000	46000000	2172.282
11000000	46000000	1928.5381
12000000	46000000	1513.1482
13000000	46000000	2414.591
14000000	46000000	2121.9194
15000000	46000000	2140.4019
16000000	46000000	2445.0825
17000000	46000000	3636.7935
18000000	46000000	4184.325
19000000	46000000	4362.0215
20000000	46000000	3985.5027
21000000	46000000	3238.3882
22000000	46000000	2931.4321
23000000	46000000	3888.1177
24000000	46000000	4061.2705
25000000	46000000	3566.8086
26000000	46000000	1464.4656
29000000	46000000	3437.6843
30000000	46000000	8670.9
31000000	46000000	12187.058
32000000	46000000	9432.122
33000000	46000000	8345.75
34000000	46000000	9579.223
35000000	46000000	10578.607
36000000	46000000	12711.89
37000000	46000000	11796.875
38000000	46000000	10156.099
39000000	46000000	11468.385
40000000	46000000	12573.038
41000000	46000000	14547.538
42000000	46000000	18980.057
43000000	46000000	31639.959
44000000	46000000	56805.04
45000000	46000000	264267.0
46000000	46000000	929234.06
0	47000000	7067.0977
1000000	47000000	7117.233
2000000	47000000	7505.6196
3000000	47000000	7787.0186
4000000	47000000	5184.6914
5000000	47000000	5017.6997
6000000	47000000	2095.714
7000000	47000000	1369.1823
8000000	47000000	1806.9192
9000000	47000000	1636.9608
10000000	47000000	2103.6052
11000000	47000000	1852.6869
12000000	47000000	1012.93506
13000000	47000000	2381.4468
14000000	47000000	2178.855
15000000	47000000	2109.737
16000000	47000000	2098.1902
17000000	47000000	3623.5808
18000000	47000000	4538.3784
19000000	47000000	3634.0715
20000000	47000000	4151.399
21000000	47000000	2782.8591
22000000	47000000	2119.9373
23000000	47000000	3420.9219
24000000	47000000	3026.8564
25000000	47000000	3642.4895
26000000	47000000	951.145
29000000	47000000	2122.8857
30000000	47000000	12354.283
31000000	47000000	12528.3
32000000	47000000	12409.714
33000000	47000000	11680.388
34000000	47000000	12450.59
35000000	47000000	14296.0205
36000000	47000000	13160.062
37000000	47000000	11839.129
38000000	47000000	7287.6826
39000000	47000000	9629.81
40000000	47000000	9338.739
41000000	47000000	8389.2705
42000000	47000000	17722.416
43000000	47000000	29050.842
44000000	47000000	42262.348
45000000	47000000	85449.18
46000000	47000000	293092.56
47000000	47000000	990968.9
0	48000000	7796.4673
1000000	48000000	7849.7153
2000000	48000000	8562.711
3000000	48000000	9323.4795
4000000	48000000	6582.3047
5000000	48000000	6442.42
6000000	48000000	2595.3977
7000000	48000000	1778.5083
8000000	48000000	2211.8123
9000000	48000000	2047.9614
10000000	48000000	2694.393
11000000	48000000	2137.8984
12000000	48000000	1183.7001
13000000	48000000	2912.1492
14000000	48000000	2678.0115
15000000	48000000	2541.1355
16000000	48000000	2689.571
17000000	48000000	4630.796
18000000	48000000	5405.203
19000000	48000000	4708.786
20000000	48000000	5413.756
21000000	48000000	3333.5671
22000000	48000000	2432.856
23000000	48000000	4137.5767
24000000	48000000	3875.5898
25000000	48000000	4621.323
26000000	48000000	1033.5225
29000000	48000000	2306.6724
30000000	48000000	15085.505
31000000	48000000	15894.8125
32000000	48000000	14173.338
33000000	48000000	12658.532
34000000	48000000	12880.064
35000000	48000000	14684.713
36000000	48000000	15363.425
37000000	48000000	13267.334
38000000	48000000	7260.0205
39000000	48000000	10389.598
40000000	48000000	9786.772
41000000	48000000	8355.449
42000000	48000000	19043.168
43000000	48000000	26917.955
44000000	48000000	30621.826
45000000	48000000	36197.543
46000000	48000000	49443.29
47000000	48000000	181536.28
48000000	48000000	1017981.9
0	49000000	7554.605
1000000	49000000	7496.7666
2000000	49000000	7476.5967
3000000	49000000	7998.72
4000000	49000000	7941.6123
5000000	49000000	7750.7773
6000000	49000000	4588.6157
7000000	49000000	3403.8228
8000000	49000000	4140.5405
9000000	49000000	4030.0542
10000000	49000000	4501.2715
11000000	49000000	3467.8613
12000000	49000000	2586.547
13000000	49000000	5157.4536
14000000	49000000	4045.3738
15000000	49000000	4182.5737
16000000	49000000	4806.6323
17000000	49000000	7193.763
18000000	49000000	7829.0957
19000000	49000000	7651.057
20000000	49000000	8385.331
21000000	49000000	6648.184
22000000	49000000	5975.39
23000000	49000000	9233.577
24000000	49000000	8820.034
25000000	49000000	8050.9844
26000000	49000000	2160.9824
29000000	49000000	5696.801
30000000	49000000	16705.703
31000000	49000000	14738.078
32000000	49000000	10157.557
33000000	49000000	8181.5596
34000000	49000000	8425.926
35000000	49000000	9956.273
36000000	49000000	13036.1455
37000000	49000000	16737.223
38000000	49000000	12673.745
39000000	49000000	15585.965
40000000	49000000	16577.584
41000000	49000000	17085.166
42000000	49000000	21945.336
43000000	49000000	23791.287
44000000	49000000	23317.895
45000000	49000000	26128.617
46000000	49000000	26828.209
47000000	49000000	37874.47
48000000	49000000	233374.2
49000000	49000000	835670.94
0	50000000	5832.9272
1000000	50000000	5380.4844
2000000	50000000	5169.9414
3000000	50000000	5013.2563
4000000	50000000	6975.6753
5000000	50000000	6845.141
6000000	50000000	6929.8936
7000000	50000000	5868.475
8000000	50000000	6774.4224
9000000	50000000	6523.093
10000000	50000000	6136.4624
11000000	50000000	5420.1387
12000000	50000000	5745.161
13000000	50000000	7320.7925
14000000	50000000	5950.031
15000000	50000000	5829.3022
16000000	50000000	7295.708
17000000	50000000	8207.515
18000000	50000000	7953.918
19000000	50000000	8930.387
20000000	50000000	9277.905
21000000	50000000	9794.578
22000000	50000000	9862.072
23000000	50000000	11944.482
24000000	50000000	12261.338
25000000	50000000	10279.955
26000000	50000000	4833.5845
29000000	50000000	12184.706
30000000	50000000	13218.189
31000000	50000000	9833.212
32000000	50000000	5763.135
33000000	50000000	4562.6655
34000000	50000000	4668.236
35000000	50000000	5386.661
36000000	50000000	8150.6934
37000000	50000000	15060.625
38000000	50000000	17917.97
39000000	50000000	16899.26
40000000	50000000	20913.38
41000000	50000000	24477.28
42000000	50000000	17162.992
43000000	50000000	15577.687
44000000	50000000	15675.983
45000000	50000000	19508.21
46000000	50000000	16596.943
47000000	50000000	16292.542
48000000	50000000	31374.123
49000000	50000000	206633.33
50000000	50000000	772995.25
0	51000000	3945.671
1000000	51000000	3622.5408
2000000	51000000	3253.264
3000000	51000000	3012.751
4000000	51000000	5069.971
5000000	51000000	4699.6836
6000000	51000000	7251.2866
7000000	51000000	7028.012
8000000	51000000	6992.779
9000000	51000000	7116.8223
10000000	51000000	5870.8574
11000000	51000000	5820.6235
12000000	51000000	7781.8906
13000000	51000000	7153.7095
14000000	51000000	5870.4463
15000000	51000000	5754.028
16000000	51000000	7150.576
17000000	51000000	6951.5283
18000000	51000000	5800.5654
19000000	51000000	7517.873
20000000	51000000	7305.4844
21000000	51000000	9486.497
22000000	51000000	10757.458
23000000	51000000	10105.995
24000000	51000000	11029.054
25000000	51000000	9053.502
26000000	51000000	6577.638
29000000	51000000	15876.265
30000000	51000000	8986.389
31000000	51000000	6408.093
32000000	51000000	3491.9067
33000000	51000000	2710.2734
34000000	51000000	3031.2957
35000000	51000000	3221.4204
36000000	51000000	5230.1543
37000000	51000000	10063.605
38000000	51000000	15963.22
39000000	51000000	13048.254
40000000	51000000	17248.129
41000000	51000000	22207.705
42000000	51000000	10488.97
43000000	51000000	9547.5
44000000	51000000	9786.236
45000000	51000000	12531.435
46000000	51000000	10106.801
47000000	51000000	8280.45
48000000	51000000	12328.649
49000000	51000000	42515.535
50000000	51000000	191317.77
51000000	51000000	840282.3
0	52000000	4296.523
1000000	52000000	3852.1165
2000000	52000000	3409.97
3000000	52000000	4264.751
4000000	52000000	4765.839
5000000	52000000	6770.5312
6000000	52000000	5799.796
7000000	52000000	4602.7417
8000000	52000000	5793.7217
9000000	52000000	5140.983
10000000	52000000	6326.768
11000000	52000000	5465.006
12000000	52000000	3818.1948
13000000	52000000	6965.5015
14000000	52000000	5128.26
15000000	52000000	5167.4565
16000000	52000000	5226.7715
17000000	52000000	6214.486
18000000	52000000	5997.2456
19000000	52000000	5639.484
20000000	52000000	7125.365
21000000	52000000	6589.9805
22000000	52000000	5770.619
23000000	52000000	8130.493
24000000	52000000	7077.516
25000000	52000000	9987.217
26000000	52000000	3284.471
29000000	52000000	7535.8257
30000000	52000000	14136.7295
31000000	52000000	6495.685
32000000	52000000	5343.413
33000000	52000000	4060.2598
34000000	52000000	3846.9917
35000000	52000000	5094.673
36000000	52000000	5840.482
37000000	52000000	10354.376
38000000	52000000	9316.782
39000000	52000000	11290.356
40000000	52000000	11096.075
41000000	52000000	10271.394
42000000	52000000	11771.383
43000000	52000000	10470.871
44000000	52000000	9370.281
45000000	52000000	9574.656
46000000	52000000	9024.445
47000000	52000000	10324.35
48000000	52000000	15863.458
49000000	52000000	35016.477
50000000	52000000	94965.04
51000000	52000000	233636.28
52000000	52000000	956731.0
0	53000000	3205.925
1000000	53000000	2605.719
2000000	53000000	2426.8318
3000000	53000000	2149.406
4000000	53000000	3572.8567
5000000	53000000	3522.7952
6000000	53000000	8347.053
7000000	53000000	9080.328
8000000	53000000	7605.9907
9000000	53000000	7670.674
10000000	53000000	6292.1567
11000000	53000000	7976.696
12000000	53000000	12163.353
13000000	53000000	7699.7334
14000000	53000000	6708.352
15000000	53000000	6025.7764
16000000	53000000	7341.179
17000000	53000000	6240.7456
18000000	53000000	4944.6704
19000000	53000000	6183.8076
20000000	53000000	6186.2124
21000000	53000000	10290.043
22000000	53000000	11901.728
23000000	53000000	9613.195
24000000	53000000	9953.447
25000000	53000000	9693.457
26000000	53000000	10887.943
29000000	53000000	23297.213
30000000	53000000	7754.0513
31000000	53000000	4426.377
32000000	53000000	2511.6633
33000000	53000000	2090.4534
34000000	53000000	2182.6455
35000000	53000000	2493.6375
36000000	53000000	3570.694
37000000	53000000	7922.454
38000000	53000000	14890.476
39000000	53000000	10353.339
40000000	53000000	14262.807
41000000	53000000	18910.88
42000000	53000000	7419.0386
43000000	53000000	6680.221
44000000	53000000	6810.0317
45000000	53000000	8204.729
46000000	53000000	6246.655
47000000	53000000	4972.919
48000000	53000000	6593.567
49000000	53000000	18195.53
50000000	53000000	53614.023
51000000	53000000	104912.98
52000000	53000000	162221.0
53000000	53000000	826460.94
0	54000000	3369.2263
1000000	54000000	2476.4546
2000000	54000000	2290.295
3000000	54000000	2105.2676
4000000	54000000	3566.1953
5000000	54000000	3541.1309
6000000	54000000	7138.4326
7000000	54000000	8578.985
8000000	54000000	6819.9336
9000000	54000000	7565.2983
10000000	54000000	5724.9673
11000000	54000000	7819.4907
12000000	54000000	13831.123
13000000	54000000	7051.5703
14000000	54000000	5765.102
15000000	54000000	5490.4473
16000000	54000000	7088.956
17000000	54000000	6600.1367
18000000	54000000	5137.359
19000000	54000000	6154.0938
20000000	54000000	6139.0244
21000000	54000000	11240.36
22000000	54000000	13884.445
23000000	54000000	10794.332
24000000	54000000	11532.418
25000000	54000000	11381.458
26000000	54000000	13972.414
29000000	54000000	32170.676
30000000	54000000	9048.341
31000000	54000000	4451.499
32000000	54000000	2421.0227
33000000	54000000	2036.9
34000000	54000000	2209.1794
35000000	54000000	2297.3757
36000000	54000000	3539.8245
37000000	54000000	7804.2964
38000000	54000000	14268.464
39000000	54000000	10156.544
40000000	54000000	14853.916
41000000	54000000	20048.033
42000000	54000000	7057.2974
43000000	54000000	6049.487
44000000	54000000	6300.991
45000000	54000000	7765.8984
46000000	54000000	5550.9644
47000000	54000000	4420.2856
48000000	54000000	5399.138
49000000	54000000	15842.037
50000000	54000000	37994.79
51000000	54000000	61985.73
52000000	54000000	56948.656
53000000	54000000	293818.72
54000000	54000000	834455.56
0	55000000	5906.7905
1000000	55000000	4714.3506
2000000	55000000	4572.0474
3000000	55000000	4321.746
4000000	55000000	6289.8267
5000000	55000000	6173.451
6000000	55000000	6116.6226
7000000	55000000	5044.33
8000000	55000000	5641.389
9000000	55000000	6007.6543
10000000	55000000	5414.8906
11000000	55000000	4690.053
12000000	55000000	5307.004
13000000	55000000	6830.1426
14000000	55000000	4657.1704
15000000	55000000	4883.63
16000000	55000000	6416.004
17000000	55000000	7843.6733
18000000	55000000	7611.09
19000000	55000000	8631.169
20000000	55000000	9205.74
21000000	55000000	10420.186
22000000	55000000	11665.646
23000000	55000000	14925.309
24000000	55000000	16309.198
25000000	55000000	13083.906
26000000	55000000	5474.5024
29000000	55000000	15452.154
30000000	55000000	15319.31
31000000	55000000	9452.861
32000000	55000000	4760.6025
33000000	55000000	3641.5012
34000000	55000000	3917.4275
35000000	55000000	4249.7114
36000000	55000000	6770.756
37000000	55000000	13648.689
38000000	55000000	15042.755
39000000	55000000	15434.57
40000000	55000000	18898.252
41000000	55000000	22195.48
42000000	55000000	12497.289
43000000	55000000	10873.792
44000000	55000000	10365.139
45000000	55000000	11440.034
46000000	55000000	9042.233
47000000	55000000	7640.251
48000000	55000000	11330.45
49000000	55000000	28355.562
50000000	55000000	42585.074
51000000	55000000	43555.105
52000000	55000000	43189.234
53000000	55000000	66364.21
54000000	55000000	149992.89
55000000	55000000	740252.5
0	56000000	6570.7954
1000000	56000000	6034.764
2000000	56000000	5607.447
3000000	56000000	5819.5854
4000000	56000000	6652.6313
5000000	56000000	6573.2583
6000000	56000000	4468.62
7000000	56000000	3235.6287
8000000	56000000	3914.5576
9000000	56000000	3935.7866
10000000	56000000	4321.622
11000000	56000000	3293.2314
12000000	56000000	2796.7078
13000000	56000000	4746.6387
14000000	56000000	3529.4216
15000000	56000000	3820.7134
16000000	56000000	4492.746
17000000	56000000	6402.3164
18000000	56000000	6905.2563
19000000	56000000	7217.3647
20000000	56000000	7717.244
21000000	56000000	6987.6787
22000000	56000000	7009.5938
23000000	56000000	11085.607
24000000	56000000	11604.498
25000000	56000000	10272.151
26000000	56000000	2955.0767
29000000	56000000	8414.988
30000000	56000000	16401.008
31000000	56000000	11829.246
32000000	56000000	6910.42
33000000	56000000	4990.1904
34000000	56000000	5248.209
35000000	56000000	6024.738
36000000	56000000	8676.953
37000000	56000000	13725.061
38000000	56000000	11415.601
39000000	56000000	13443.016
40000000	56000000	14629.934
41000000	56000000	14835.749
42000000	56000000	13691.009
43000000	56000000	12425.246
44000000	56000000	11760.411
45000000	56000000	11720.083
46000000	56000000	9903.155
47000000	56000000	9929.2
48000000	56000000	14702.738
49000000	56000000	26000.758
50000000	56000000	27334.596
51000000	56000000	21920.033
52000000	56000000	24899.182
53000000	56000000	22822.186
54000000	56000000	32800.27
55000000	56000000	232125.03
56000000	56000000	831057.0
0	57000000	7432.296
1000000	57000000	6302.924
2000000	57000000	6157.636
3000000	57000000	6168.7954
4000000	57000000	7029.911
5000000	57000000	6643.1714
6000000	57000000	4549.457
7000000	57000000	3501.273
8000000	57000000	4441.372
9000000	57000000	4124.016
10000000	57000000	4432.3584
11000000	57000000	3440.0974
12000000	57000000	3136.5464
13000000	57000000	5052.6597
14000000	57000000	3618.3354
15000000	57000000	3766.2568
16000000	57000000	4656.6
17000000	57000000	7132.125
18000000	57000000	7307.028
19000000	57000000	7498.7427
20000000	57000000	8319.55
21000000	57000000	7748.9087
22000000	57000000	7848.4683
23000000	57000000	12095.225
24000000	57000000	12737.378
25000000	57000000	10948.309
26000000	57000000	3252.761
29000000	57000000	9136.219
30000000	57000000	16366.621
31000000	57000000	11688.419
32000000	57000000	6930.8154
33000000	57000000	5128.092
34000000	57000000	5523.2007
35000000	57000000	6050.976
36000000	57000000	8734.169
37000000	57000000	14096.092
38000000	57000000	11909.994
39000000	57000000	13951.42
40000000	57000000	15250.024
41000000	57000000	16260.181
42000000	57000000	14075.68
43000000	57000000	12769.597
44000000	57000000	12140.301
45000000	57000000	11865.005
46000000	57000000	9386.804
47000000	57000000	9340.047
48000000	57000000	13024.12
49000000	57000000	22922.191
50000000	57000000	24310.906
51000000	57000000	19754.65
52000000	57000000	20232.398
53000000	57000000	19754.004
54000000	57000000	26727.715
55000000	57000000	89642.52
56000000	57000000	259781.92
57000000	57000000	864571.7
0	58000000	6334.7056
1000000	58000000	4813.5127
2000000	58000000	4433.886
3000000	58000000	3713.1284
4000000	58000000	5722.6274
5000000	58000000	4743.269
6000000	58000000	6278.9907
7000000	58000000	6096.814
8000000	58000000	5996.117
9000000	58000000	6675.472
10000000	58000000	5487.8535
11000000	58000000	5593.354
12000000	58000000	8220.514
13000000	58000000	6677.447
14000000	58000000	4943.0396
15000000	58000000	5023.301
16000000	58000000	7177.94
17000000	58000000	8006.5366
18000000	58000000	7171.3613
19000000	58000000	9188.915
20000000	58000000	9127.975
21000000	58000000	12506.2
22000000	58000000	15347.216
23000000	58000000	16411.29
24000000	58000000	18933.371
25000000	58000000	14465.218
26000000	58000000	10386.196
29000000	58000000	25554.965
30000000	58000000	12891.744
31000000	58000000	8093.717
32000000	58000000	3801.9714
33000000	58000000	2937.612
34000000	58000000	3122.726
35000000	58000000	3231.2393
36000000	58000000	5708.213
37000000	58000000	11659.871
38000000	58000000	16240.855
39000000	58000000	14315.76
40000000	58000000	19251.81
41000000	58000000	24807.61
42000000	58000000	10682.969
43000000	58000000	8737.048
44000000	58000000	8714.279
45000000	58000000	10124.659
46000000	58000000	7381.176
47000000	58000000	5245.4497
48000000	58000000	6779.909
49000000	58000000	16144.599
50000000	58000000	25791.438
51000000	58000000	26269.61
52000000	58000000	17111.639
53000000	58000000	32113.256
54000000	58000000	44914.492
55000000	58000000	67650.9
56000000	58000000	67939.86
57000000	58000000	156976.0
58000000	58000000	736845.8
0	59000000	4031.4712
1000000	59000000	2647.9346
2000000	59000000	2578.3208
3000000	59000000	1790.0121
4000000	59000000	3480.348
5000000	59000000	2413.021
6000000	59000000	5575.9185
7000000	59000000	6491.0205
8000000	59000000	4491.422
9000000	59000000	5437.7163
10000000	59000000	4070.4788
11000000	59000000	6509.5156
12000000	59000000	13155.905
13000000	59000000	4643.9893
14000000	59000000	3931.555
15000000	59000000	4058.0833
16000000	59000000	5707.9155
17000000	59000000	5579.043
18000000	59000000	4124.71
19000000	59000000	6386.805
20000000	59000000	5181.1484
21000000	59000000	11658.71
22000000	59000000	15565.026
23000000	59000000	11275.751
24000000	59000000	14452.255
25000000	59000000	11226.593
26000000	59000000	18822.854
29000000	59000000	44146.367
30000000	59000000	6527.0654
31000000	59000000	4363.655
32000000	59000000	1828.5868
33000000	59000000	1664.2882
34000000	59000000	1789.1654
35000000	59000000	1703.9673
36000000	59000000	3074.267
37000000	59000000	6187.001
38000000	59000000	13293.618
39000000	59000000	8809.251
40000000	59000000	14234.499
41000000	59000000	22005.133
42000000	59000000	5483.5137
43000000	59000000	4534.555
44000000	59000000	5293.132
45000000	59000000	7008.1685
46000000	59000000	5151.7466
47000000	59000000	3112.8052
48000000	59000000	3333.4805
49000000	59000000	8028.095
50000000	59000000	16585.967
51000000	59000000	21462.248
52000000	59000000	10032.608
53000000	59000000	35894.47
54000000	59000000	56493.293
55000000	59000000	33057.63
56000000	59000000	22122.723
57000000	59000000	31183.314
58000000	59000000	224296.64
59000000	59000000	949234.75
0	60000000	9270.427
1000000	60000000	6424.886
2000000	60000000	6273.265
3000000	60000000	6161.8457
4000000	60000000	5736.543
5000000	60000000	5563.5156
6000000	60000000	4527.6567
7000000	60000000	4018.2349
8000000	60000000	3938.5945
9000000	60000000	4242.724
10000000	60000000	4394.112
11000000	60000000	4540.9785
12000000	60000000	5913.6816
13000000	60000000	5171.87
14000000	60000000	3612.872
15000000	60000000	3759.3853
16000000	60000000	5146.2524
17000000	60000000	7260.843
18000000	60000000	7220.0723
19000000	60000000	7451.0654
20000000	60000000	7867.767
21000000	60000000	9656.044
22000000	60000000	10263.783
23000000	60000000	13277.209
24000000	60000000	14956.852
25000000	60000000	15856.896
26000000	60000000	9442.024
29000000	60000000	23640.928
30000000	60000000	17487.889
31000000	60000000	10185.5205
32000000	60000000	6216.0156
33000000	60000000	4956.8047
34000000	60000000	5148.0283
35000000	60000000	5652.8022
36000000	60000000	7437.029
37000000	60000000	11445.604
38000000	60000000	11297.468
39000000	60000000	11923.38
40000000	60000000	14723.869
41000000	60000000	16631.232
42000000	60000000	12409.005
43000000	60000000	10311.972
44000000	60000000	10912.443
45000000	60000000	9906.412
46000000	60000000	7487.7905
47000000	60000000	7064.932
48000000	60000000	9348.665
49000000	60000000	15363.359
50000000	60000000	17881.904
51000000	60000000	16186.759
52000000	60000000	13554.493
53000000	60000000	19824.752
54000000	60000000	29395.89
55000000	60000000	36017.938
56000000	60000000	34292.938
57000000	60000000	45823.457
58000000	60000000	134158.0
59000000	60000000	232365.98
60000000	60000000	817868.8
0	61000000	16959.047
1000000	61000000	11410.514
2000000	61000000	11674.781
3000000	61000000	10750.599
4000000	61000000	6769.9165
5000000	61000000	5835.7485
6000000	61000000	2368.5093
7000000	61000000	1591.2401
8000000	61000000	1999.1251
9000000	61000000	1905.0682
10000000	61000000	2505.6553
11000000	61000000	1877.3186
12000000	61000000	1275.7833
13000000	61000000	2730.0554
14000000	61000000	2011.3488
15000000	61000000	2053.1187
16000000	61000000	2367.3804
17000000	61000000	4760.424
18000000	61000000	5489.578
19000000	61000000	4681.695
20000000	61000000	5249.164
21000000	61000000	3961.7144
22000000	61000000	3313.4834
23000000	61000000	5936.0337
24000000	61000000	5693.544
25000000	61000000	6988.418
26000000	61000000	1556.5851
29000000	61000000	3098.9329
30000000	61000000	15723.485
31000000	61000000	15963.877
32000000	61000000	11508.435
33000000	61000000	10212.904
34000000	61000000	11240.337
35000000	61000000	11710.102
36000000	61000000	12550.769
37000000	61000000	10949.646
38000000	61000000	5789.4727
39000000	61000000	8567.538
40000000	61000000	7923.3994
41000000	61000000	6773.6626
42000000	61000000	12628.045
43000000	61000000	14229.623
44000000	61000000	16417.627
45000000	61000000	12805.927
46000000	61000000	11218.769
47000000	61000000	12616.079
48000000	61000000	16537.285
49000000	61000000	15595.307
50000000	61000000	10067.411
51000000	61000000	6956.943
52000000	61000000	9078.23
53000000	61000000	5817.0303
54000000	61000000	6852.8486
55000000	61000000	16273.369
56000000	61000000	23390.074
57000000	61000000	28388.797
58000000	61000000	27173.818
59000000	61000000	18485.246
60000000	61000000	163194.64
61000000	61000000	1092952.0
0	62000000	25312.81
1000000	62000000	11889.225
2000000	62000000	11304.578
3000000	62000000	9396.496
4000000	62000000	4991.6025
5000000	62000000	4543.4873
6000000	62000000	1657.8333
7000000	62000000	1232.2776
8000000	62000000	1425.3756
9000000	62000000	1392.032
10000000	62000000	1753.1687
11000000	62000000	1473.1804
12000000	62000000	899.4017
13000000	62000000	1845.6914
14000000	62000000	1538.5219
15000000	62000000	1597.4935
16000000	62000000	1709.3507
17000000	62000000	3103.7861
18000000	62000000	3629.8455
19000000	62000000	2751.1184
20000000	62000000	3283.7385
21000000	62000000	2412.7292
22000000	62000000	1904.2384
23000000	62000000	3262.578
24000000	62000000	3019.992
25000000	62000000	4098.4985
26000000	62000000	1118.421
29000000	62000000	2074.0525
30000000	62000000	9752.659
31000000	62000000	10492.104
32000000	62000000	10091.797
33000000	62000000	9708.877
34000000	62000000	10754.41
35000000	62000000	10783.829
36000000	62000000	9183.532
37000000	62000000	7333.6763
38000000	62000000	3853.9302
39000000	62000000	5775.8545
40000000	62000000	4881.2646
41000000	62000000	4120.726
42000000	62000000	8523.156
43000000	62000000	10396.901
44000000	62000000	13533.699
45000000	62000000	10223.284
46000000	62000000	9342.954
47000000	62000000	11160.896
48000000	62000000	12602.738
49000000	62000000	9881.615
50000000	62000000	6402.6123
51000000	62000000	4768.0625
52000000	62000000	6750.6494
53000000	62000000	4364.2783
54000000	62000000	4929.241
55000000	62000000	8868.521
56000000	62000000	12926.718
57000000	62000000	15021.791
58000000	62000000	11915.338
59000000	62000000	9986.463
60000000	62000000	35995.047
61000000	62000000	231653.8
62000000	62000000	1367459.2
